5.22578303739275 1.23639954799311 1
-4.721059534382257 10.547719829494646 0
5.834641698105039 2.8678168715146044 1
4.227658091203631 2.8866434159581384 1
-4.116757487421724 8.251561349632107 0
4.9003210995616575 1.4343278277479938 1
3.2682051389976357 1.2637286815131854 1
5.515925628757896 3.445840359691714 1
-1.9941623558440904 9.52807207911053 0
4.442957028231212 1.5085886058251137 1
4.577239258900867 2.216293142453625 1
-0.9231808069073981 7.776470629371472 0
5.498329952884767 1.7385491139833182 1
5.145468078063976 3.4622827922690216 1
-1.1167323229884214 8.764239613599369 0
3.8236615916861365 2.0513127469103796 1
-1.658299660884778 8.876914339798924 0
5.527382803642161 2.73401633825221 1
-3.244727565642517 10.250379303408758 0
-3.3017183614854506 8.899549686731422 0
5.3190216116662965 1.6711241844508677 1
-1.8122432185420145 8.680466638442311 0
4.2947141307783046 2.4624242190170595 1
5.710243996458031 3.2450621058793887 1
4.360068493851095 1.0086318890305406 1
-2.696069267214109 8.574555069924147 0
4.957332097478276 1.6403092795582208 1
-2.070721884243023 9.03390278589231 0
-3.387180209809311 8.187405774158462 0
-2.9752341249209926 7.419583060931526 0
4.342502756984995 1.726786281426184 1
3.0018497787920846 0.1867942185860454 1
-2.147802017544336 10.55232269466429 0
-2.1768836110731584 8.265799591641768 0
-3.2516682087507984 7.694263616977616 0
3.4629167234581333 3.7937135918825478 1
4.1740732671099385 1.8223319723740368 1
-1.3663748085377296 9.766219160885095 0
-3.738747217505167 9.510985351434844 0
-3.1610337308549092 9.061684799514735 0
-3.855068546525965 8.195028268476824 0
-2.7203278618804445 8.027106601047137 0
-2.5356033800116773 9.294447287017928 0
-3.857383045158463 9.757550222221036 0
3.3012730365048526 2.666088306972343 1
4.059862503574417 0.8167538671968753 1
4.445181540111419 1.9089815068322342 1
-1.1810034812036923 9.57051613759898 0
5.0692196590298355 2.3528093323266974 1
-3.146584750359268 10.203302659305873 0
4.3712330829183585 0.13680990017033468 1
5.204484762121702 0.9535053452486164 1
-1.7374989124044053 6.165743507568246 0
5.132865294742561 1.9156519309352689 1
-2.3486236420028854 9.017332148351736 0
-3.2951870835606996 7.683053174640543 0
5.191355111467624 2.3137589003412287 1
-3.159840192174577 8.527160744433626 0
-3.134016200748429 9.040377178409155 0
4.583958387705888 2.3111272121728503 1
-0.8437231785901735 10.028656193216452 0
4.269370737638073 0.56760266476209 1
-1.9394303428205464 9.461994688215636 0
4.605953610300192 0.3784137257773996 1
4.80417360159867 4.169392826093532 1
4.223684431342847 0.8431003449003742 1
-1.4331904844541519 9.035597776870263 0
-1.7683732776326244 8.501072561726737 0
4.683393504871567 2.531309198459238 1
-3.2309351763900036 9.19110700033772 0
-3.1826882472966185 9.293280290422123 0
3.990051950730665 2.0573379141264283 1
4.967700009071186 2.8974398234785617 1
3.9697636357738686 3.144887598656892 1
4.159045046716122 2.669337681100021 1
-2.588839014298465 9.466657924448056 0
4.707717350145039 -0.0467576482154044 1
-3.9572819645500745 7.606822353821766 0
5.831586333335166 1.88945172409152 1
5.343318969366996 4.1280983613238735 1
-3.4741210836328547 9.70033758819676 0
3.759124746625371 3.7718947022920437 1
6.033333363752533 2.6837187862385172 1
-1.8548319666986925 8.958701457287866 0
5.340579448348685 4.787824128413285 1
3.3467372924694536 2.545559995116408 1
-2.376227948905874 8.314165313259148 0
4.189865978232287 3.230318900803305 1
4.546491977328153 1.4438375714923612 1
2.5528518176260326 1.3885519532835324 1
5.8952824456879975 2.9190393276248776 1
3.2496569110746387 2.1309311232345016 1
-2.641831369435324 8.03975682352768 0
-4.576639723092627 8.925166088685533 0
-3.1527474553702124 10.044246945779483 0
3.097075617985202 1.8125385644152376 1
3.282943266528526 2.196322738688429 1
-0.9616924217226885 10.810163801293843 0
5.1461198255340275 3.4204753833325388 1
4.873903290581249 1.7246410658662827 1
3.4528854479223567 3.030983864761528 1
3.3515712187645637 2.2658851660825854 1
-3.4079816713758784 7.683972502459332 0
3.9329862682407524 2.828725342961444 1
6.274945230755621 3.284863133213393 1
-3.5628800421991045 7.946483206619129 0
6.632394189396219 1.206513096157384 1
-3.837383671951181 9.211147364067445 0
-2.5128001621433187 7.855921439005779 0
3.6201835165192446 2.179531455266183 1
4.849413066490896 0.8815445117816294 1
-2.1982900574547455 10.489642345147873 0
5.935941898009498 0.8660128671382803 1
-1.858747530516611 7.511205826438504 0
-2.22922899673293 7.888797080899945 0
4.5758010720793845 2.5094605934579217 1
-2.922662784176026 9.274566634781207 0
4.403962306915977 1.5662844394363573 1
-2.0907994021640666 10.415884721144751 0
3.2440896340356162 2.564518925699132 1
-1.7558560019482177 9.395444513081099 0
-2.3062746022014506 7.49854201320109 0
6.016375286247639 2.2863018239538873 1
6.156272891481674 2.5752880043332156 1
5.820007009969629 3.1174627525006713 1
3.3698802388342255 2.64200981448695 1
3.897394603689717 1.4878638485728637 1
-2.9945611708818536 9.096160267584644 0
-3.3016175440527116 8.70632459855928 0
3.9322529414060754 1.2609958197646884 1
-1.1189900740354368 9.572096434550184 0
-3.9118028948524435 10.76386287138526 0
-2.1772172924837356 9.204785807977387 0
-3.703122629451806 9.157229222962028 0
5.951046334030726 1.7488507130626272 1
4.500481635564867 2.7128228356654036 1
-1.0580540152577085 9.973556954283529 0
-3.0595027768981704 8.34266276026027 0
-0.8671824629163811 10.024103217540956 0
-2.8728098352666063 8.957340504477255 0
6.039473481373895 0.6310419354556169 1
-3.378860704327445 10.139720912613091 0
5.8927214706555855 1.5249450676405827 1
-1.7982376548492587 9.458549439684361 0
-5.750464963121823 7.989898486864032 0
-3.4076122944011082 9.506205299704828 0
-2.7395983372585175 8.090052983930017 0
-1.9621002418827123 8.812093475764428 0
-2.2531678887388744 9.996977112143835 0
4.461960960423704 1.060358764644219 1
5.150670924755696 3.0037502695647893 1
-3.1384610167455387 10.548013838114821 0
5.285466548402295 1.9925509216387571 1
5.6300450751873905 1.7560386089945295 1
2.603658333372165 2.020663152192375 1
3.102294039778926 1.8282651048593006 1
7.260671927258077 0.8612026581665684 1
5.437722616123868 0.11383291228067449 1
-3.4977887302036677 7.91069681098255 0
-1.4489877155538704 11.773946167109399 0
4.964219046242969 1.4404441857238286 1
5.1313082889483015 2.542930041139379 1
-2.284512897300864 9.946876960071412 0
-2.5796964011118413 9.500787772024523 0
-3.8536481340870274 8.095634181714123 0
-3.698609515920078 10.656959081454286 0
-3.348415146275389 8.705073752347108 0
3.485516167995117 0.22134087718901285 1
-2.6896775366433756 12.207393696043182 0
4.120482464401975 1.6322618065946521 1
-3.7188923658938577 9.614214858194526 0
-2.1830646008106322 7.763172551813018 0
-3.988109191826879 9.197646047977477 0
2.664391065010964 2.724269138448042 1
3.597301141557525 0.800935930504092 1
4.035898210258872 1.7436210285803848 1
4.987440450031653 2.0598673833551286 1
4.278416069534115 2.3896157220421848 1
4.7433169655362075 4.015245724084476 1
-1.6685540740640261 8.361662148895931 0
4.692137326725584 0.9125646175441311 1
-1.651537999850731 8.854347598234895 0
-1.423411298113403 9.112269281669217 0
6.202767604736299 1.6991766021114278 1
-2.3491793971999626 9.516068864365867 0
3.859679707110639 3.3037445879797724 1
-2.8010088919682943 7.451095319501665 0
-3.7005011202553986 9.670839736832152 0
2.574795789971781 2.001627265123891 1
-2.3859928162682644 9.56577150423879 0
-1.5709138170767525 8.498241399980948 0
4.073484245013378 2.804786470121136 1
4.548479278718987 1.8922911860752707 1
-4.1926358152737 8.208416061702133 0
4.825054373058015 2.3986145481249044 1
3.7236047356643764 3.3286124850462278 1
-2.7777282709585824 8.123093902783035 0
-2.2282057553177177 8.391586608377727 0
4.552443507450921 2.521489311495231 1
-5.128942727142494 9.836188632573545 0
6.104056074980539 2.97002845740654 1
-3.9572115234689944 6.81548017157824 0
-2.480879246922289 9.044042267694067 0
-0.8252699315948815 8.555401865329381 0
4.297329635370336 2.143633454937303 1
-2.4130768461117666 8.55201083949328 0
-1.031303578311234 8.496015909924674 0
-2.735681721902582 8.054846891474842 0
-2.536502162562682 8.081018169125125 0
3.0970773210184555 1.340414654055693 1
3.5096751115541776 4.384846359519154 1
5.370837812604318 1.3225098565723483 1
-3.101591547291619 8.150295358518505 0
3.486528325632142 3.110484226305461 1
4.4017683999160475 2.019172431194006 1
-2.5226948477906843 7.956575199242421 0
-1.4531408139866984 9.237525042327482 0
5.126063627790041 0.02379792861830876 1
6.010414980224815 2.6683725840247314 1
-2.5493555736970936 7.583511026080274 0
-2.338332184924808 8.830302791845643 0
-3.037814304802507 9.600650146953415 0
4.546934629614513 1.7336677619189822 1
-3.1323381494775147 8.458809009038067 0
6.594036269978387 1.4674229796787954 1
6.248659691962475 2.8013993741253547 1
3.6811003800413267 0.6206609945000097 1
-1.9952897733938353 9.19386791013792 0
-1.8900433620475523 11.07178159791002 0
4.230192243598604 2.685491843520894 1
-0.7816544529520388 9.450609797872353 0
4.424211198680469 1.1002085934870316 1
5.306148508271624 2.5511482075802894 1
3.687960376205866 2.0506502024595945 1
3.922862687100165 0.6885854182407627 1
4.456728365174807 1.6164965497608608 1
5.430250732279813 2.3132209785096225 1
3.908247097319573 3.8636103690965147 1
5.1833582148981945 2.1729801176594457 1
3.544608317385297 -1.2035341292552686 1
-1.9535931570493017 9.10386680945357 0
-3.3445446763125073 11.15943525597171 0
-1.6840993583851156 8.14715591248742 0
3.960648183035146 -0.9410863058762091 1
-3.4286218572865534 10.564220533215861 0
-1.6189992119279633 10.049535462922075 0
3.340297599300504 2.8029021018199067 1
4.893044074266083 2.793513696553188 1
4.837171101859308 2.284478357383617 1
-2.4867317302407037 9.561405243373532 0
5.907530347416075 2.2618976869505683 1
5.4899581686456544 2.390850436180133 1
-2.646646137680442 9.96716067540126 0
-4.681867169066786 9.861707805348743 0
3.4637054996733205 2.4607299810274506 1
-2.7481456699191598 8.106722466156723 0
-1.9591455240281983 8.045941673334687 0
4.995547784791331 2.1647470801348216 1
3.648182172787791 1.34028940905594 1
3.3227469162815164 2.7491975977842076 1
-2.704105903405431 10.148056225065385 0
4.009853856694207 2.705125186450578 1
4.1380946434165695 0.6007041360566312 1
5.318825823990334 1.160767335003312 1
5.142663263123295 3.769530506867696 1
4.228452229112099 3.127070418196479 1
4.871324758753674 2.6196592216665024 1
-2.998637065570972 10.058447005267393 0
5.761736692458572 4.293210405957991 1
3.2444303314730294 1.2652587432666567 1
-2.5586613327051833 9.689105620364925 0
-2.9592630945319938 9.63713606054582 0
4.015533446514877 1.7886443262848823 1
5.455379858672364 1.9250811766099594 1
-2.778604457497308 9.731828383994284 0
-0.4484496981707631 10.769626970641525 0
-3.085968953621083 9.769677354024077 0
-2.6722645869965143 8.269383483391872 0
2.971279577349906 3.031898213824611 1
4.104543749211878 2.3316233021503523 1
6.009579943882287 0.887115101822646 1
-2.45098890460675 7.871315830367698 0
6.313330926526638 3.31363073573108 1
-3.1606156266671985 8.530400294144 0
6.510844011599883 2.3627838613116356 1
-0.8392931187013439 9.408957658021302 0
-2.524507472225746 9.59357762779941 0
4.3524313168277455 2.2604985883437414 1
2.7276238608083245 1.9045356378552634 1
-3.6054727099479518 7.574235245604028 0
-2.5561182019319344 9.491326955421442 0
-1.9880751946734119 9.659501714148378 0
4.033178541462805 2.1844533762202047 1
-4.3123372993086955 7.430150185192832 0
4.655061778768535 0.9983631080178901 1
-0.7822337718193451 8.61464994258372 0
-2.109974500447471 9.661482067901062 0
3.732122656081181 3.492453607582501 1
-0.8919850480841263 9.118642065721534 0
-2.4771934739869836 8.260868257852138 0
4.779766069067229 2.969287898851861 1
4.510361589364661 2.553026969235864 1
-2.8519121395795195 8.212008858976702 0
4.151604993776557 2.6064965100119704 1
-2.7377975383927686 8.019936753589809 0
5.799259879528623 2.946271244955804 1
4.525238000721709 2.2374379555863686 1
2.7998010917223484 1.9408890728912618 1
3.8159433492561017 1.254060232491546 1
3.4024521980055287 2.082578155773702 1
5.3114100079571545 3.5012010433285647 1
-1.8869904790093481 7.875453010417552 0
4.794372501823353 1.6366170940625586 1
-3.1187098252120333 8.827314825212875 0
4.711915697511846 1.7609607140395802 1
-1.2048573801745976 7.351794140162648 0
-3.803879098773656 10.175112915576841 0
2.661653586853291 2.0201045860011018 1
4.698863057817698 2.42004218474343 1
5.125915125645738 0.4258656950023665 1
-1.74311734466806 10.241219352082629 0
3.75254937737233 2.744965861176393 1
-2.8449823223428785 10.683307653487715 0
5.681603500286952 2.5567139869526194 1
-1.3460338708977906 9.024519189217909 0
-3.226019943655555 7.147749511125261 0
5.2804217713028745 2.096247885596913 1
5.035677684937848 2.236720495895517 1
-2.6693304186193907 9.685626204648788 0
4.7211572582843 1.9352766022239012 1
4.780861535840161 3.561796611984328 1
-2.2951038789225464 7.768547349486333 0
3.383371941948845 2.786374870688709 1
-2.837092339565668 9.169476812057301 0
3.4453558964620665 2.258972970735465 1
-3.1347603245622797 9.41008966163573 0
-1.6797227811210016 8.820459989425519 0
-3.490706274100701 9.476389602461593 0
-4.0931004465384735 9.774700784342619 0
2.7031261337256365 1.2118144141317915 1
-3.625722063001409 10.25009774820526 0
4.489761884974294 0.7091635159933682 1
5.03529982161614 1.01560072892552 1
-2.267235351486716 7.101005883540523 0
5.011984308834965 2.362328879608661 1
4.324582180941977 1.032146983274353 1
-0.49581037552612717 9.150821459281058 0
4.973738802796636 3.4045364657719155 1
-2.3444367818162335 9.06517383005434 0
5.669291937183427 2.769871611011474 1
-3.412899483782878 9.338645409919925 0
3.869882770030644 0.6770530196908375 1
-3.417221698573961 7.60198242686303 0
-2.0957627198290494 10.891081940756388 0
-1.556060989139505 9.301410293400146 0
-4.379989544078606 8.662772644157013 0
-2.6367467434302845 10.525441058445669 0
-0.09658220143983431 9.798890416096345 0
-2.665095800989418 8.46599883170772 0
-2.220503993772893 9.274607966969542 0
-2.381093208141961 8.33323447072344 0
6.351919120245994 0.22553317411247042 1
5.0132273959394995 2.2855478944073035 1
-4.375737574413367 10.021799818035245 0
4.4755436303427105 2.185263037014907 1
6.149009849632652 2.578775916572045 1
5.6871965428495495 3.1427596763685055 1
-4.633093347362557 8.488531106517561 0
3.450646371150972 3.027155455123608 1
5.708258169922118 2.57729057352925 1
-2.6944852819304583 8.884465428464896 0
4.632833850747547 1.7575601053727097 1
4.514424576225201 2.3010492081000895 1
5.09048224909064 0.10335334440856792 1
7.1250687529069925 2.2379449949187116 1
4.882760849378377 -0.10892901924825527 1
4.410079205652908 1.1217632496804184 1
6.238416948324443 2.775298142558851 1
4.523112920432855 1.3376118425363286 1
-2.9922586747361897 9.16107914018387 0
-2.7326636054246025 8.664969332080124 0
3.28880447002008 0.6507117271971619 1
-2.1419103096514096 10.852469804993444 0
4.8003684602015815 4.185700723337974 1
4.053951162910346 2.3022764626508616 1
4.187929464316223 1.1838311782210575 1
4.308570453044779 1.3609329494329816 1
6.395354534543591 3.5461894091555886 1
5.408086052859838 2.18856618939702 1
3.104838588695742 0.09315965003296833 1
5.509033428724998 1.5176301579168614 1
-2.6850520274848213 10.675756293926339 0
5.2130066494693015 0.18730319200662082 1
3.290302624676569 1.5579559160354606 1
3.644063441437872 2.6243059257643893 1
-2.9726153158652124 8.548556374628065 0
-1.873779592843524 7.775027733344849 0
4.9707301408436795 3.4241711220720683 1
5.188762671545466 1.718213890387034 1
3.775995875638335 3.252634615598483 1
7.588973261536827 3.2178492646775188 1
-2.7268788262799704 10.11306298018551 0
-1.9144432813874643 9.867701686978629 0
4.40390884901713 2.7173553942557667 1
-1.5453185062578405 11.224809129789673 0
4.9961316249341845 3.234688936476248 1
3.536209007697732 1.6423804596131746 1
5.026687356917304 3.064150109126699 1
-3.158570661374176 10.335590160471334 0
4.789242318499291 2.3373099799953936 1
-3.6882374142125527 10.201965516659886 0
4.36233457991255 3.264443522956611 1
4.960664562160785 2.167221627546606 1
2.9849913999998052 1.0131233886612683 1
2.86881028314001 2.4447120643589377 1
5.6156955555728105 2.891624127883146 1
4.941578845129837 2.14870591351933 1
-2.042767640619224 8.978644645900838 0
-2.4098653176235243 9.76567325157011 0
-4.1073219749364975 9.476458794280264 0
-2.403303169937516 9.598699108670806 0
-2.953490883128862 9.391586621243174 0
-2.7356765149542768 9.3816516350145 0
-3.696796042082263 9.32410683842535 0
-2.5279063794986474 8.625767675109437 0
4.597055454916527 2.0311924187491273 1
4.550644682006652 1.9355990389612507 1
5.156825351976472 1.751656420988608 1
3.1408628757697 1.8813249196057769 1
-2.8931688950051018 9.264486334450016 0
4.917237298192777 1.9508907047570188 1
-4.090388325084883 9.909324442274437 0
-2.441342112525347 9.86705980332054 0
3.247143364061105 1.9386190599867685 1
-1.2422864738661274 8.306616662579541 0
-0.48559140382311083 9.02108597275832 0
-1.5588900310791745 10.724899500780246 0
4.460785551211945 2.368989465036655 1
-3.464320202402103 9.437885193791782 0
3.6664999982010666 2.9803030204138916 1
4.0414412556470545 1.0065817929554168 1
4.731631320676474 2.2254100803674093 1
-3.734963286055091 7.5499112479885016 0
4.766193035711302 1.504038829730323 1
-2.432375731992495 7.7312939040097515 0
-3.090878537001394 7.999529397505455 0
-2.616499767056979 9.4620030540086 0
-1.9898511088115778 10.5470250412009 0
4.203114598989884 0.3665925832020527 1
5.394612134295911 2.1725936699274992 1
5.688585962644665 3.6285767970290275 1
-1.7938163076115061 9.732471853906256 0
4.932071564554475 1.7858406655343573 1
4.01784403067372 2.5559072671145966 1
5.151378411589963 3.908323724000961 1
3.9102763664206917 2.334587001213835 1
4.961557377604602 2.1412294899075524 1
2.6887769721894763 2.116757620445892 1
4.340202188221315 1.9229650668989873 1
6.198668020724996 0.44270827419735514 1
5.332734592045913 2.707807229400062 1
-2.496195731174843 10.467820205355638 0
3.908922560512628 2.7310915338643516 1
3.3325090539971374 0.37529754944589433 1
-0.8954863539941031 9.467820429712301 0
-3.227641844305186 8.800838976486475 0
5.136278953962043 4.048234723289274 1
3.6540750275602747 1.6890145860119348 1
-2.171594960977548 8.602409162075855 0
-2.503953923334567 9.061266721963063 0
-1.5218631064636483 8.938335104555799 0
4.142946811110123 1.7906007095611909 1
-4.4279688383517914 8.987772252749105 0
6.308948362054433 1.0306116781488557 1
3.8055557907365194 2.7371994655135916 1
4.050766703446975 1.0375733851783062 1
4.1557048849793645 1.006923364187478 1
-2.580798882466814 8.97706389168848 0
-1.478914169020908 9.253075287224835 0
-4.222332152143627 10.368158502363734 0
-3.7094940301085266 8.679784892357373 0
4.88918743186983 3.0182581580254855 1
4.587474385650632 3.677275200196223 1
5.19539148257035 1.0544831724546375 1
-0.8767863191211149 7.584144750237689 0
4.046067428159397 1.8075382736230998 1
4.72598970448708 1.2262463988705643 1
5.736348070038985 1.3474923964445196 1
-0.38704142604011693 10.046751388749469 0
-2.5975605822580854 8.644275098316195 0
5.321948326290733 2.0993475876026992 1
4.903898917561771 3.2455231840475 1
-3.393055059253883 9.168011234143849 0
-2.2494751213312685 8.109969503093913 0
5.0811859879273475 1.2400134868307355 1
-3.498802443311331 8.888499208098674 0
2.5620670163719046 1.6528718794040902 1
-1.626864560729341 8.562195795365241 0
2.618080196266154 1.871888965239199 1
5.3303515223496145 2.2387866771132656 1
-2.530099217016898 9.131613511507103 0
-1.4036716900947663 10.201316433758702 0
5.258765134251255 3.611529416211673 1
-1.8589964450940892 8.915110264418939 0
-3.2683302846064484 9.16467991467453 0
-2.426913633777326 10.079766503263674 0
-3.5095289476583247 8.33654115767347 0
-2.508990558134553 9.004985807059708 0
-3.7203695523335316 9.745050247264846 0
-2.187840407602477 9.436206882433606 0
-2.004210344072293 9.880041322368443 0
-3.690010438361595 10.128607822867194 0
-3.384815876437507 7.631486397233985 0
-2.5733359696457425 9.343048538501803 0
4.901945645314827 0.023607966186364848 1
2.9360072494013822 1.0487036958111777 1
3.9441839590310375 1.0550427005241572 1
5.923974630176218 -0.4532223865944762 1
-3.111409683414531 9.483060384273346 0
3.7153147218500013 0.37557051434529987 1
4.053347566664166 2.197386088231525 1
-1.6966718006585522 10.370526156769145 0
3.488725099675232 -0.8659089755446949 1
3.347616141122483 2.6628774891859264 1
5.448798105620821 1.3887143920902938 1
-3.146937607304066 8.483289173196503 0
-2.399802828447857 9.740052752097014 0
-2.4489674131117236 11.477528240683608 0
7.066595322573624 2.406129509301428 1
-2.6124523832017976 7.371097317044154 0
3.436677980838957 0.931125271697629 1
-2.8290451463075943 9.166044120447062 0
3.921046448619371 2.7181749968180133 1
4.930826200567587 2.9310093150489998 1
-0.7086864415418965 10.25323248113776 0
-2.4810164656836218 9.005167131554119 0
-1.6140044030250178 9.649457929880292 0
-1.0380272955591416 8.804962451046455 0
-2.5152685345926433 9.852776902649964 0
-2.318098555032847 9.06072267635447 0
3.7470913207362173 2.4867841481718282 1
-2.437631385833358 8.536628681433205 0
-2.616227983007308 7.9790438057789475 0
5.823372503118029 0.7951288165643513 1
4.992383804584981 1.4028183175270514 1
-2.9919411452347826 8.06095751993961 0
4.5432551662132115 1.5572027559933734 1
3.537586686391678 2.65452919438368 1
3.432857188370886 0.8978572908914941 1
5.121945563563488 2.3419028312582517 1
-3.869053764032669 9.760539694225542 0
5.7152222381849995 2.1838381491438428 1
1.73289061690646 1.5983476273189259 1
2.672809132640949 0.8559832222337296 1
4.012144930143596 1.6851308100186557 1
-2.528458002787145 8.751395298990055 0
-3.2655483683370536 7.592032418600647 0
4.557163812331608 2.216261411601431 1
-1.2960999230735668 9.156003041838225 0
-1.4261463798774732 10.068088180233225 0
-1.8754207421206517 9.42808522564982 0
-2.1822702492885875 8.795185599389457 0
5.968519664476332 2.286354157805712 1
-1.48662719104311 11.454038534537595 0
-1.8956796503223337 7.991493562999916 0
4.3609159058962925 1.6934095154448976 1
-1.8664748631852062 10.343438658330752 0
-1.1988888769331418 10.409969938988278 0
-1.8109743094391604 9.407771513620071 0
4.1467560138283295 3.416801687409546 1
-3.436128094630833 8.954760772136522 0
5.48061331835765 2.180972191294045 1
5.828475659315109 3.822531825327113 1
-3.1718213819985968 9.584884796791481 0
-1.7157089025005372 7.265754154960141 0
-2.1779341916491863 9.98983125532068 0
-0.7732338198875008 9.21219691166097 0
-1.6956804056830803 7.7834218117643665 0
-1.895030923009325 9.771793838245626 0
-1.6395917029470901 10.369923987003272 0
-3.2924509153889874 8.692224611992646 0
-2.980235928671073 9.246336065555958 0
-3.3396420296093154 9.53680023346408 0
-0.62301172184222 9.18886394103016 0
-3.2631622119194263 8.733611051331547 0
-2.1327880969552337 8.11223457384081 0
-3.7050806850879345 9.458888796418462 0
4.0562795098820965 3.0115485349600486 1
5.832614001644516 0.7153015280318442 1
4.161120264706413 2.3326454814878574 1
-2.7481297222224446 8.647461716383633 0
4.86691331509299 1.6491015087317618 1
5.553650457613687 0.42743989724999887 1
4.849348919875874 0.9886356334587639 1
3.843742033041606 1.023106186474605 1
3.665756990011733 2.6765976007280408 1
5.02825456545827 1.8783454526598597 1
-3.071365649631052 8.805064254453793 0
4.824589311009185 2.911085221451387 1
3.4580047108073 2.422643596773039 1
-2.75043368090908 9.366341524712618 0
6.921530672766944 1.3555280070070355 1
5.375500833473848 3.754968592711792 1
2.9086775327831758 3.468107911393968 1
4.623268493902192 1.8673509264430341 1
-2.3008148151051975 6.972551259774031 0
3.8600258900064626 3.055154493190674 1
-1.9494071751217104 10.095066853752943 0
4.086789019313969 2.6690335230345172 1
-2.4521844981556655 9.28287840706158 0
-1.0326572733268544 10.394377482345773 0
-3.67931064911211 7.212305690618302 0
4.562435375502107 0.7778759203414873 1
5.886770551762821 1.9111656745747003 1
5.122127788908759 0.7355072616134342 1
3.771617874629769 2.0709829770340393 1
-0.6080069372997428 8.9536253143837 0
5.0495149549120955 2.330142443207658 1
5.96531094532318 0.5663546744431938 1
-3.312872191022481 10.65340293364239 0
-2.753354258343399 9.978373296486678 0
-3.5220287433871738 9.328533460793595 0
3.607354932700562 2.371096733887541 1
-3.8294308300733926 10.845744894052675 0
3.3527152676438514 0.5760514988277408 1
4.8688752286874415 0.11526823254244478 1
-3.017337820700061 8.86650580938085 0
5.054744336590012 2.4364582140588382 1
5.675966487274358 0.550194758679059 1
5.075854225728147 -0.5590764012789533 1
5.636449346807549 1.5066743047125342 1
4.988220575474228 1.0753396175151027 1
-2.2003646104537866 10.716501072833559 0
2.8976571435928262 1.4271278851240108 1
4.0429045495070275 -0.417134683528706 1
4.274372899242835 1.8218704637082097 1
5.30529565991988 3.914387120404481 1
6.318553509600667 0.06152913328897491 1
5.785906411241516 -0.864336757456647 1
3.023992048817629 2.27281737177808 1
-5.206084265994322 8.959991261680509 0
3.744532513865077 1.5650688447805114 1
-3.341553196156979 9.485701684584726 0
-3.0614206673337216 9.647217945953832 0
6.725925885765215 0.9584101907548799 1
-1.4492612390061284 9.631292077775019 0
-2.301930293653806 9.083630465234572 0
-2.659253210085277 9.139862581669863 0
-3.485070876030083 10.067927924806161 0
-1.5458214938084285 9.42706705513482 0
6.232548834510985 1.9925137547524863 1
4.152675915033174 1.621248366124223 1
6.0919965354106616 1.9873189489064902 1
-3.9167093177705716 8.236469440607447 0
5.820519748680246 1.345856237989429 1
-2.4305624327366595 7.0160854436662135 0
6.560246338372362 0.7502746643851681 1
3.5203327078449327 1.579639827971003 1
4.930775893818107 -0.022362096511006513 1
4.252748186438587 1.9277584660084939 1
-4.534340209710358 9.20074044296775 0
-1.4773530835841153 7.52872575516135 0
5.060578467246581 1.3952489071080214 1
-3.2220434057299148 9.120716355890218 0
-2.730161796882414 9.041171967192852 0
-2.300334028047995 7.054616004318546 0
-1.4851350972412878 9.606813077399504 0
4.044343901044242 2.8737027612723236 1
-2.9685585225929945 8.16444175873353 0
-2.4449176039572875 7.936541350269016 0
-1.5596434876114265 7.529388159748418 0
-2.554783639408248 9.257625577521013 0
-1.5901211400649817 8.72401158400967 0
4.251531897926943 1.6675505728724191 1
-2.9556312376032783 9.208376121096629 0
-3.7313254319446956 9.727284558370709 0
-2.069696392432524 9.793222631710435 0
5.756712611758056 2.1595858536847783 1
2.319563237997678 2.7557995102572503 1
-3.327418306286223 11.106673403883782 0
-2.581207744633084 10.017819026090345 0
3.5897380966259558 2.7306648332782175 1
5.04036022273443 2.1042348701565805 1
4.239979774096964 2.242464436521466 1
4.31286151861833 1.7597129045902937 1
-2.279126863861348 9.512029217289715 0
5.0980469510168 0.9934484592239252 1
5.775498983411046 0.8668761715290978 1
5.90358551388277 1.1268537064749962 1
3.647012835142556 0.5279644195285065 1
-2.3281760643490435 7.717454180242475 0
-2.591348801445319 10.131581959786448 0
-4.0800737751212495 7.887518659288516 0
5.106549818194182 3.494175911100112 1
-2.9624460320757637 10.466753662669067 0
-3.8563239125824467 8.04267208968767 0
4.68544271737 2.596576822220648 1
-2.240070681807643 8.671093852700912 0
4.647057303136044 -0.11330797443035268 1
-1.3506020440453461 8.19360380984661 0
-3.4324308691636545 7.662601522581988 0
-2.9455835135793187 8.90467632427249 0
5.207982041356748 0.9235141850307909 1
5.458656479982962 3.5111016023532846 1
-3.5464437773792064 8.823947450114714 0
4.634318542580031 3.151682373739155 1
-3.3273965064750572 9.010911670787369 0
-2.4655951766802966 10.709337168629075 0
-2.2642310519440274 8.50734295282719 0
6.307102947779239 3.49640830565299 1
5.652516245872173 1.8150158395684117 1
4.852452866860316 3.000155947260464 1
5.292184987838332 0.34183457352365876 1
4.920515240718238 3.7317901681358654 1
-3.5157401883323915 10.154164689327366 0
6.289359730552023 3.043780243919918 1
-2.268444443564182 11.615969242378716 0
-1.6887154418553862 9.521560159305618 0
-3.538569131234822 7.661615842354787 0
3.80792391873365 1.334886957412238 1
-3.631919644615049 9.396695874382372 0
-1.4800419857271065 9.486883610611365 0
5.64935062482407 1.1282282453472356 1
-2.0244648057582753 8.167929473207447 0
4.80789417676063 2.9183812185522156 1
6.912313556674983 2.862206806220624 1
-3.521301998312918 7.359429456332553 0
-4.488497433428538 9.762196384315855 0
-3.106707817744392 10.43665598989683 0
-3.612564229226624 6.861395535245839 0
-3.4761737661819634 8.966574772056342 0
-5.063118757954705 9.948606039437596 0
4.5394031156563965 1.9157789809391896 1
3.456822651493712 1.7204064288445466 1
-2.296000994815061 8.262316796459503 0
-1.2194448689700046 9.68746747946828 0
-2.281737688448621 10.321428882480749 0
5.211936277942246 1.910978666941421 1
4.051012009489405 1.1359072528910317 1
6.37481541206491 1.1163975901139391 1
-4.872130058594589 8.004555423488384 0
-3.0734452217101387 9.198837431395358 0
-2.311112862284895 8.869925716274379 0
-2.5040841664102893 8.779698994823175 0
-2.2420709720412666 9.523011151428255 0
-5.5287097788735755 9.198135672952017 0
3.671833077717856 1.6628619785558283 1
-3.1361646808405177 10.82673468619525 0
4.956237157764246 1.0879209978165094 1
4.0592305336741505 1.361784436552104 1
-2.68226944733662 9.02986517577979 0
-1.3141509941279077 7.491099223414547 0
6.3894627404335225 3.3546237626312188 1
-3.186119623358709 9.62596241703919 0
3.5847894680514063 2.0994374201748003 1
4.222512022623017 1.6780797697028258 1
-2.6983180138297835 9.93593624012278 0
4.617578552510048 1.2842841413653265 1
-2.548752776909405 9.695786825570947 0
-3.1318469847872024 9.208893583435565 0
-3.080376612835547 9.58686890955448 0
-2.2017909252436496 9.830023340737618 0
-1.9960918248766675 8.754739450614405 0
-4.662540542923995 10.111438839952017 0
6.002441688940554 3.6137842474290194 1
5.362705731213613 2.08496884214412 1
3.5186350961337096 2.9025796687315477 1
-2.0993789661242377 8.77302847357978 0
4.842207632650903 3.605026583029841 1
-1.8010889463641597 9.970988444992905 0
4.05054660480074 1.5145310478396474 1
5.719934895367412 2.9159581980808076 1
-2.837816098801735 9.617473559280665 0
6.631432138432835 1.1411083790908754 1
3.904575375546149 2.694649007698075 1
-4.116858650170808 9.199026707094045 0
4.916479601739282 3.1686503347662107 1
-4.116680857613978 9.198919986730626 0
-1.4355658731929781 7.987770828787261 0
4.441941107243419 4.041076022104284 1
5.142623643718916 -0.5201011363893455 1
3.1209680111380336 -0.6575604528883314 1
-2.9768988243646417 9.360790009929037 0
-2.426757870118247 7.556734628733391 0
5.502102348115079 0.5569426281480865 1
5.669336317826459 2.8454850639691824 1
-0.8692330936813573 9.756413619270214 0
-3.0857080237794694 6.423243836053412 0
5.235369733867358 1.383274927477841 1
4.108424284868886 0.40531025857527614 1
-2.696341888057299 10.000016123878185 0
-3.1938274488127543 9.804911727361091 0
4.074302468354111 1.5018539627896141 1
4.84033846764183 2.582075040195364 1
4.390806991575061 0.3002757826291578 1
3.062882354037104 1.1703452399898897 1
3.094941489551343 1.4338646694774617 1
4.712559360557442 1.5616765393785519 1
-2.992384085352124 10.588272891488355 0
5.399393723714209 1.6814110516821947 1
-4.547322158230604 8.006199817280917 0
-0.9580456475302273 9.12996076249118 0
-3.3346948198452617 8.692900286545328 0
5.093387548782569 0.9908756496860525 1
-1.312566136407099 8.404503223878939 0
4.7970067552190425 2.1493595064434246 1
-3.12260028659369 8.711816441710193 0
4.655497170177704 2.875446857727379 1
4.207104952639713 2.7669881510845475 1
3.8489970445335357 2.007177780168879 1
-3.554006817073784 7.04792953882232 0
5.140119305664671 1.4395693775015652 1
4.257061646615132 1.849440737665896 1
-0.9299848075453587 9.78172085735123 0
-0.8805820774814583 7.63418466998343 0
-2.5347719352447444 7.245210223309203 0
-2.442206905827878 9.530225345902421 0
-1.637900325595506 7.668306447951573 0
4.002571089199306 2.431556387492216 1
-1.8934264732816086 10.218170565367139 0
-2.7682397688734532 8.817936279113344 0
-3.053311625166943 8.851493222126027 0
6.696422401057642 0.8422812486148163 1
-0.7702979592551713 9.993144178980117 0
-3.7700815773877956 9.932148075253098 0
3.3698177475160693 2.260125538242441 1
-1.3299004389889237 9.081804609608431 0
4.637474995309248 1.3838980321514258 1
-2.4226078355798504 8.858608892806242 0
-1.1918035574184245 9.211885732890721 0
-2.9013057761849077 7.550771180066203 0
-4.502933265624206 9.388342698045893 0
-3.5075830622410415 9.316078028017788 0
5.163102021965135 0.7528489939967562 1
3.644730354374722 1.791666521805065 1
4.377219315911933 1.6367827385295959 1
-2.332756067775525 8.647258289115 0
-2.7495230212108854 8.639465320648725 0
6.453286534743524 1.6302908223831678 1
3.5477152035100117 2.807921010265614 1
4.571755411060148 2.33714031479347 1
-3.6001640532679486 8.603471840243737 0
-2.4751141547935243 8.244312897139679 0
-0.4351149533027767 8.094901536611898 0
-2.881404399123803 10.103034747902507 0
-2.2130773459881743 9.275341400378212 0
5.512075836301079 1.6580829527466234 1
-0.7766826235676583 11.245586274390954 0
4.222448454238669 2.3172236055041986 1
5.514395910360624 1.3234044570924648 1
-2.778086313607581 7.907760219456652 0
2.589521378943901 2.7123501786423 1
-1.3150882200053777 8.03312059705864 0
5.839957792654962 1.481267236434527 1
-0.3382549055549364 8.838400315765984 0
-4.234115455565783 8.45199859895735 0
-1.471657678794851 8.504269729343575 0
-3.1673141121280066 8.710560099421658 0
5.7050508019424875 3.4257864294269114 1
5.291400827567607 0.8354840135159154 1
-1.408237988054179 10.972633582418915 0
-4.034722793977489 8.322378058317078 0
-2.5147936418817967 9.683027783790834 0
-0.6246113171181411 10.55752965647051 0
2.4628137897852467 2.1516463478261216 1
-2.273583064944184 9.785151322085289 0
-3.7028344548092305 9.933440301808323 0
-4.103625281847117 8.414911105244549 0
-2.9745080798328036 8.908337773894186 0
-3.272456779595267 7.209404027533802 0
4.725088285862002 -1.0179662869599913 1
-2.4337639841511574 7.4123203163011535 0
3.9219599454804994 1.7426450587604811 1
-2.3194914554423547 8.352303950401712 0
-1.2631124305551211 6.940895895790172 0
-3.0666894080605838 7.644483148619244 0
-2.684157379748159 8.258540968705477 0
-2.945917359093346 8.9481535135725 0
5.097159240843342 3.4289920060874985 1
-1.7875255590095152 7.885234356981092 0
-3.2395642547698866 9.230744717780297 0
-0.4208229182720227 8.874696500043148 0
5.521286365151672 2.6943050464863134 1
5.785908980370166 1.1957981990948254 1
4.9509888273712965 0.08352039184457904 1
-3.055442071305233 9.406090133600868 0
-2.3959272125149855 7.576008149880955 0
4.6062662715243885 2.4279105960818663 1
6.809815424308644 0.549487047056809 1
-3.4365507572433245 9.252655110933107 0
6.988954622928858 1.2571262476648917 1
-3.3489194652335263 8.4148934827543 0
-3.3200551342630886 7.756708269283705 0
3.8398402718304547 1.909645109325377 1
4.5077094805837294 2.045448649325021 1
2.449957131249548 3.167761904454463 1
-2.857849757460609 8.665028423879892 0
5.535234266990701 1.3415919547754007 1
4.725771842521432 -0.2461306888068031 1
-3.5813366350383573 6.092935644703714 0
4.454033084035354 2.283168667106287 1
5.647036036824771 2.491164460332184 1
-1.883530275287744 8.157128571782039 0
2.268219475369209 4.015239336868612 1
3.8399383295261673 0.06516754681742443 1
5.641703689910038 1.475598845555525 1
-3.0264860731531225 10.423633568383902 0
3.6259828839355634 2.058856845344091 1
5.879462842669663 1.5769400058389722 1
5.1484872094615435 1.5428603639860896 1
5.297642012378475 1.9036373976984626 1
6.7646502392450625 3.304508745929135 1
-2.4121200737047097 9.98293111873121 0
4.115216429161299 2.466824531583883 1
-2.1380517496814413 8.4103009414825 0
5.862961903323426 1.7143152835709004 1
-1.0057993212855996 9.891648418773993 0
-1.68713746305826 10.911079110852269 0
-3.184905702214362 9.048438545686347 0
0.5696831854024875 10.133861039632897 0
-1.2037188158984211 9.03528996983108 0
-3.8810987659841065 7.40072473032158 0
4.090321700319521 2.832757570920534 1
-1.6380729196210577 8.68826259603048 0
-1.8638216734676027 10.38291768573067 0
3.776385231263167 1.941966195001648 1
-2.9736018853621378 9.476347021450218 0
4.844637718629886 2.739047963421347 1
-4.124329438958259 10.179025482655494 0
6.0584101813761375 -0.5146389725943474 1
-2.0724590713192406 9.418580883160018 0
3.496859524154373 2.7933278706962166 1
-2.916233935979531 9.700604585155022 0
4.85665439999073 0.8758671563078879 1
-3.044525809006673 8.92375284589416 0
5.77943437225357 1.5858077193879208 1
-1.770387142165247 9.629653612211374 0
-3.581940648792557 9.253532992309472 0
5.106424147678228 3.31939544014348 1
-3.55610860573469 9.550938880725608 0
4.359885534353622 0.6941389477209456 1
-3.299672078498062 9.485754485334317 0
4.829207143520476 2.270413957320856 1
-3.067499376998781 7.914131895226626 0
-0.18986808307105596 9.407603967592694 0
4.864218493006184 2.8771872387020463 1
4.242683520082114 0.8708999434848765 1
-1.0084378324184393 9.864507870311815 0
-3.614902291538686 8.799365097909586 0
-1.7092557211107002 7.397975519761734 0
5.294854420449791 2.783968329532442 1
-1.8289815176023008 10.206793640676297 0
3.9744565380986407 2.6950731693788734 1
-2.5171702643693674 10.494230267088348 0
4.920888086509907 -0.15942594221410422 1
5.431738146616169 1.402529253740619 1
3.771586104351735 2.507798770063167 1
-3.282022837590322 8.777467521458313 0
-2.452547698155643 9.543978882555052 0
-1.590881017050437 7.443785524575144 0
-3.4988257596230876 9.955057316186537 0
4.110901128164086 0.9166120411804792 1
3.320631641629334 1.770189046545075 1
6.5086966767719545 2.392875292297998 1
-1.618814459532964 9.589491144304887 0
-0.9296254773220378 8.491426101045054 0
3.8012930377808702 1.0864887616572747 1
5.7307405068318 1.5102301719154738 1
5.509034900617374 2.8604605212074743 1
4.276762175072535 -0.03428717680427784 1
5.065722494857931 2.391375439828704 1
4.579475107031193 3.1009499345746305 1
5.581060702648071 2.1650674198137683 1
-2.609351699532703 8.810612378021355 0
4.652707479771786 2.4529967193075652 1
-2.93849984757001 8.321865148324466 0
3.961235774933998 1.6549321561981118 1
-1.885077806000595 9.642631637462602 0
-3.915515086724584 8.931180555569627 0
-2.3126764533512802 9.723289885786834 0
5.345957750043233 1.7304884071286986 1
-2.617957771509608 9.415997850297263 0
-4.065826796576654 9.62029607954396 0
-3.5084998553476607 8.509511206970105 0
5.48805304889477 0.7406463691722229 1
-2.186118349936721 8.761932626072033 0
-2.7617657744459105 7.766502946233472 0
-1.3087837151083248 8.357391849226925 0
-1.6735055109876082 7.884579273540703 0
6.2695209673409 1.6004940999887574 1
-2.773712464363361 7.010423763791568 0
5.488309718433386 -0.2737196500438732 1
-1.5956129968195008 8.211107177517977 0
-2.1009448673382782 7.311702523960481 0
-2.4534727107640557 10.10847764666927 0
-0.44769404641635235 10.222652358791464 0
3.7235579171546815 1.136248980144452 1
-2.2325068237227312 9.841469377234345 0
-3.987783868832592 10.15804017140525 0
1.8923739935028667 1.4734395077891014 1
5.5982646560701435 2.0248306607918116 1
-3.6155325970587784 7.818079504117651 0
3.25133628239689 0.3728985794370221 1
4.60057154860047 1.8386728995389994 1
3.7922449076090166 1.3210807953476713 1
-3.650886737186255 8.820626668918603 0
3.1730936456124246 1.4717675370550953 1
5.860700135041149 1.0963959027288872 1
4.868953524433804 3.0474876966562934 1
3.82450320791198 0.906934752041507 1
-2.8067611264127423 10.389992941509941 0
-2.449264992786422 9.291663066156513 0
-2.1147454806744532 8.593301647378059 0
6.102074774945738 2.421805448455259 1
4.452982678066117 0.34269644022559187 1
-2.1425993769559017 8.074406341870967 0
-4.212580062407905 8.958738429301702 0
-1.9252694377267863 8.654994037411262 0
-3.888516851067277 8.283356088256403 0
2.4702014185023993 0.7789802828484427 1
5.030574757156246 0.646697555629649 1
-2.9565195187115014 10.295302489933434 0
3.120532760751259 -0.8589859141698368 1
5.2694084204499125 1.1688539242807396 1
-0.19453905637924152 7.147020935606573 0
4.713075827229796 1.822926695142472 1
2.8081965890220753 0.9218597723013875 1
3.5479449358327884 2.8634171847772407 1
2.7320712783507104 1.11278467316123 1
4.070045907989343 2.3026784195137413 1
4.52639819034596 2.1947281575649424 1
-2.7641748404736055 10.51827911678101 0
5.326232391242635 1.1342770099149957 1
3.877359597081503 3.009472576013212 1
-2.3398367990166724 7.600571631293342 0
-1.5111875131930979 6.118030750004632 0
2.7633261301862273 2.592881129906868 1
3.023165461280087 1.7437873520852647 1
4.558961498565413 -1.1972560519373237 1
3.714454210168514 2.228553439615049 1
4.785400033996342 1.3590471189324158 1
-4.282230091259631 10.276207628912314 0
2.564290827149568 1.887099991149839 1
5.234908302063666 1.4157466308324107 1
3.8288779725992566 0.8591232337787387 1
-3.0597344725443336 7.793573702284163 0
-3.197347968230474 11.26672193354263 0
2.770137136532681 1.5846489087577227 1
5.131086501640097 1.6151403041937458 1
6.733076768438046 0.4612862643775184 1
-1.0165090540932284 8.743162527155754 0
3.645450314428309 2.222717873538809 1
-1.943687977421206 7.253523369042504 0
-1.636876986332072 9.197628133936673 0
5.242973521176935 1.122634405193688 1
3.44309018980179 2.8668673733298426 1
-2.8675377750739726 8.366744322563163 0
-3.033286020987343 9.166641000232044 0
-1.7723537259603168 8.732958571080108 0
-1.8463163543853374 10.187759985683646 0
-1.9160963650843663 8.704739688884331 0
-2.6301457716605317 9.433818572105348 0
-3.2940959361349904 9.66256656204218 0
-3.1481593707422526 7.691196334790823 0
-1.8014456875972749 8.451819352304053 0
4.872665579168265 1.2164057069248058 1
-3.3559913411211553 7.499438903512457 0
-2.490763689987357 9.361867833559993 0
-3.1207154260446983 7.607625031350099 0
5.415034330262884 2.5262097697930903 1
-3.898770089816346 7.3688873812414295 0
-3.2820752908763593 9.421338415322857 0
-0.7115110962032276 9.655128989465332 0
-3.0541167098616997 9.413422242550393 0
-2.2587047727068734 9.360734337695297 0
-3.746148333930832 7.693829515114045 0
4.228055467264444 2.105097650712689 1
3.2622613354738643 1.4083956797697899 1
3.930298981478929 0.7146647732653975 1
3.053895523990143 0.09324529880168697 1
5.916844222316289 2.31119316504244 1
-2.0082804354283694 8.03673088339977 0
4.091610041303024 2.806503595721039 1
-2.170701215558336 8.59899821429752 0
5.192178773907624 2.5988006175867326 1
5.740700234650706 3.0345406488138655 1
6.074966235450336 1.625867394982889 1
5.210491833447632 2.9413543444735932 1
3.460509714595484 2.1454240703517695 1
3.8304980151453476 2.9298728703263905 1
-2.3314966221194964 7.678941769488221 0
-1.2920391022272537 10.535602180120772 0
4.990249052614439 1.1288456467576609 1
-1.3079837008888053 8.60621075517677 0
-2.6486438987337495 8.56409686334691 0
4.1820304500456125 1.8138074517948255 1
5.591185080527585 2.5000676076065256 1
-0.06344564343592385 9.143507310173549 0
-4.028567589006764 8.530052055332071 0
2.797981063270244 2.8652372836724527 1
5.145844389683966 1.244897481534119 1
4.1153118224610505 3.3253723628078764 1
4.785715306443485 2.55846912045707 1
5.7359487437054995 2.398490992270842 1
6.283256992032635 2.333817575376527 1
-2.3133523679550687 8.03591335058329 0
-4.402812290006536 9.22757983557126 0
-1.6963355042137902 9.643914970121934 0
5.028857565580285 2.224643292881244 1
-0.9586971302386733 8.01593208745953 0
3.8578753437170645 1.213466566460445 1
4.434019405347761 1.226591337400493 1
-3.4310574361780635 8.010328756116824 0
-2.4883111347567883 9.244987033917004 0
5.074648900784992 2.4486003664673555 1
-1.5397404225260134 9.441480490070006 0
-3.1554249328965533 10.789597020807834 0
-3.109836312971555 8.722592378405045 0
-1.0435488541311961 8.788509827711787 0
-3.789502021723645 9.886743456478467 0
-4.005726878142829 8.364262193791424 0
-2.2194227661563373 11.089686926843761 0
5.021188448492886 2.28482253994551 1
-4.3454029961560465 9.522277455110865 0
5.136078023591418 1.437852971373073 1
-3.317691225945938 8.512529084613785 0
-2.9841429342137062 8.360956895624609 0
-3.0828596299329867 8.467427186957929 0
-2.216125149754069 8.299934710171954 0
5.743756179544359 2.448337430436114 1
5.91939750598826 -0.24364915541333243 1
-2.9811294888421838 10.103236725165688 0
4.923629859889602 0.9852963430399828 1
-3.0319206435717896 10.06329535403521 0
5.2500950058173235 2.1301426449091663 1
5.068195528603339 2.0503261801584487 1
4.961961146995087 1.96207767999213 1
3.9649448174375492 1.5700936948757012 1
-1.8876257331966992 8.644675792154688 0
-2.0726378188950823 9.918220969284517 0
-3.089721072857473 9.60286453261893 0
3.699479919743748 1.4124087769608717 1
5.635460350230131 3.6763422938587698 1
-2.4416694183648264 7.589537941984865 0
-5.008603337926323 11.305228700789064 0
5.743812382930009 1.7168888596891596 1
-2.756375005573347 8.332301880200523 0
-0.6271731265777165 10.359706174353299 0
-3.7615910674658695 9.37791801082329 0
4.55927908693134 1.1401136269399732 1
-2.0533098509711425 11.179288473099405 0
5.540277424623165 2.42439500325924 1
-0.9860735457830929 9.55319617188298 0
-1.93212549587221 8.811240742155329 0
-1.9223405292524798 11.2047417540083 0
-3.620655579989782 9.260790906630326 0
4.548172812082975 1.0854001724021913 1
-1.9872560574358524 9.311270801431508 0
2.576475683748647 1.6558191916981972 1
-2.147561598005116 8.369166373593197 0
4.544414589139028 0.19692335047428022 1
-3.4485330168715045 8.870198572476706 0
4.0325244030158895 1.8959486387176865 1
-1.089594618539113 8.413862562459617 0
-1.8532968465229893 9.209022322917097 0
4.463104673112319 0.4245513850769853 1
-1.8272446517577863 8.704019371604865 0
4.5925081336836655 0.3909929205946048 1
4.355494186621592 3.5637517565585823 1
-3.3188011429743964 9.43834717266241 0
-4.059861054118883 9.08284910300435 0
4.658697885968699 0.8015153366231702 1
4.631765634616351 2.1312589092639165 1
-4.631052522061345 8.40646414110389 0
4.267559783290179 2.410482870979693 1
3.8672193909572776 2.803361495803342 1
5.1030851283272245 0.6060318774804863 1
-1.8711465216119931 9.51513060314278 0
4.2162802544999245 0.6075522797505826 1
-1.8499519546203451 9.95185626582488 0
-2.592635592843111 7.564640908499792 0
-2.409546257965109 8.510810474082122 0
4.580052692698198 2.4667298882750237 1
-2.2995382077781246 8.522649942566273 0
-2.7432174821597317 9.480644502644656 0
-3.9530524391862922 6.718105175061083 0
-4.102191356584419 9.45476086615872 0
-2.985418496597409 9.888675308911049 0
-1.8706051642753763 7.352766065929361 0
4.818573553038577 3.2023844682377822 1
-2.1095096713001085 8.362929234406492 0
3.394161459781717 2.0281037949405807 1
-2.4988450032093694 7.7024498958481615 0
-2.178317390838293 9.847815089807247 0
-2.998047044839024 7.89466869490931 0
-2.6773414416375396 8.542195550501194 0
4.182245586890486 2.1588582643594707 1
5.492347479661052 0.7439860861403158 1
4.23057036213238 2.9790941957371486 1
3.5547283096703035 1.1477591539617769 1
5.532832706336871 3.802789885656819 1
-3.7896269755490333 10.769080310182686 0
-2.0085319016715406 9.06405981537928 0
-0.40947583388623476 8.767260427452324 0
5.174696172574012 3.202150186429794 1
-2.6609827180883334 9.602603334682899 0
2.1103187585337984 1.6765622248709335 1
2.7880361046534428 2.7567593487393385 1
-1.5274321360611558 8.6894547446897 0
-2.431829315405132 8.153001926870058 0
4.193935122366941 2.086310140993755 1
5.764232196098604 1.6390924529607915 1
5.8991120760149 3.1196105543414596 1
5.211885114528574 1.2684412483298482 1
4.529213467670772 1.0765274566255238 1
-2.170713779591059 8.718884718059293 0
3.7588104995668092 1.260948920291681 1
5.065368769468332 3.1704166075859597 1
-0.2102994994334999 8.651447567758662 0
-3.6791144587630384 6.142023914916672 0
4.866563084722698 1.4116119376101066 1
-0.6434231119079936 9.488119049110109 0
-1.7894396809045683 7.721013170327158 0
-2.0833104168597143 9.033433905614073 0
5.845873352774918 2.750577036705243 1
-4.043311793788373 10.291962950096831 0
-1.9726877794823467 8.115818146407284 0
-0.8938219335833084 8.691965658986982 0
-2.8295449312470704 9.438452074600239 0
5.821769929188063 2.4540777766896276 1
-2.5423245959265475 10.80884399171611 0
4.514704407844937 2.820051787825646 1
6.626939947927543 1.4421987861287675 1
3.7616155834046348 2.073056638349945 1
4.06813279427204 2.3057771942649294 1
5.5369450331152334 3.2480447252194544 1
4.309758742261651 1.761502702009555 1
-2.6821436829761733 10.725994608340665 0
-2.246636294050825 9.207876039565866 0
-2.2418053089808474 9.335983934394335 0
-1.9482781751115115 8.718805810169162 0
5.180787354789091 2.849338851131965 1
-2.161521139514414 8.52705756408477 0
-2.8843940033766873 8.696571031442087 0
-2.327331367994255 9.262506714498658 0
3.631324152151893 0.010543992268152946 1
4.881200771144883 0.8221556003212249 1
4.647759020922829 1.6475586317922284 1
4.695742776072598 1.6635199699526708 1
4.031652328783342 2.3362853116852556 1
3.7781757659718433 2.0032011631048143 1
4.374274275941996 1.5732914452723605 1
-1.4021169537657774 8.893904964244724 0
-2.978672008987702 9.556846171784287 0
5.166415519900409 1.4957589777479314 1
5.27353986100216 1.2749700093296823 1
5.044091701505433 2.6890424286316916 1
-1.7707310430573397 9.185654409388292 0
3.078385613786242 3.4765895123697312 1
5.712856883994113 4.337042178560093 1
4.300756556958063 2.3432307992096875 1
-0.35601516554119383 8.246938565310272 0
6.043248806353292 2.6710729564797595 1
4.529066275949014 1.5849266304191931 1
-1.5248752245761663 8.800297283972812 0
4.963935864449662 0.8254782941250647 1
3.547757635879534 2.108508031833023 1
-2.480452800117933 10.29273799080562 0
3.9730301192765376 2.1710863512828076 1
4.122186263358887 1.8850784399116587 1
5.0721417868622565 2.443213871308934 1
4.144913355860028 1.4755971856315182 1
3.783026971100302 0.8471157230296817 1
-2.983036970123666 8.999833857320043 0
-2.4393955380627315 8.628972531336562 0
-2.5441861135497117 10.785086763833831 0
5.651341871636458 3.3146455994716133 1
4.464500380329411 2.464675331187516 1
-2.5419508932687487 8.470861357064557 0
4.989678860796009 0.9691150870987217 1
3.1558221713037664 1.7647014734003241 1
3.5477372427993683 1.719493606398351 1
-3.367555403233964 9.714596007607312 0
-2.3896172546385968 8.041217187316766 0
-1.3360729854661089 9.383928320396416 0
-0.5327570385372646 7.45004451648727 0
3.793027870102737 3.222788589237399 1
-3.596443561915553 7.9284609993131365 0
-2.7790725583461215 8.035522412416015 0
3.669754575848458 1.5756119184490105 1
-2.604493155439702 9.293307653968661 0
-3.18558992511202 10.815226561109137 0
-2.0492254801136336 8.336570758446216 0
-2.5438825104395315 9.248500860734842 0
-2.5862993324668544 9.355438103014965 0
4.565931270619709 1.5215102077811093 1
-1.383147372280582 8.962892404609835 0
2.2479226319150776 2.817944059722432 1
4.947555489629215 0.8776502950951697 1
-2.7173198734100255 8.521285193539489 0
-2.647653607036524 7.789987891908956 0
-2.015167436770011 9.274959894022228 0
4.641497867585042 2.387942574729523 1
4.105122165383778 2.2681411396495537 1
-1.3126261213882588 8.855756555171352 0
-2.412201658060032 9.609443153635235 0
-2.8716385644558824 7.894616233572178 0
4.489938117148992 0.54001786941602 1
6.335601714038967 3.8704583787138436 1
3.6499210436760876 1.938162073934496 1
-0.7048495132660071 8.823382336471022 0
5.3327364204655385 2.5557410027495373 1
4.278568274260811 1.9089855226519128 1
4.396817637347235 1.975457620084236 1
-2.4207907367609027 10.491816209253583 0
5.451275390719694 0.8249063951881137 1
-1.9863621350172505 8.440586124259742 0
2.8638670821796994 3.037110671501588 1
-3.0985623799969617 9.863888225219346 0
-3.2111893108595053 8.351385210647374 0
6.496526272790057 1.4914037128472568 1
-1.4425229334635963 10.183581718643994 0
-3.9331547755028953 8.747633798963907 0
-1.2881639275273973 9.596383831666937 0
4.29928012931824 2.4733127170546156 1
5.136752426735699 3.042941138924582 1
4.464314890728886 2.6418244886986386 1
-4.28543285595107 9.422938939678993 0
-2.9738149203511433 9.21544578407116 0
-2.186479062714661 8.187055184645999 0
4.590981652753996 0.5679798371371569 1
7.882971805822835 4.281085934556843 1
5.637510913148346 1.6863754482024627 1
4.974055253472999 1.8179106351159833 1
-1.950870710531028 9.090291519610734 0
5.1201393376340265 0.9180620084602826 1
-2.165409741502865 8.96563377662787 0
-1.6095977476194996 9.321585649074931 0
5.389779075651812 2.252437522157258 1
3.535016043165581 2.193711110954599 1
5.42200883775956 1.1822703022731789 1
-2.2516472323299856 8.939840212432154 0
5.237107054481486 1.0248216797165313 1
-2.223332232327845 9.348742918185346 0
-1.750269033265985 9.295477552167696 0
-2.743350997776086 8.78014917124914 0
-3.599596700495596 10.425218507944592 0
4.3609954420773445 2.818327655125054 1
-3.2135413135955093 7.605824831834762 0
4.88596245154451 1.1708896568011884 1
4.684237633743709 0.22746225108107998 1
-3.045161068166798 9.822343926479467 0
-3.038957826819789 9.527553561311677 0
4.130072143037219 2.0076106956465734 1
4.781135976315564 -0.1573967958664686 1
-2.7065360433600762 8.86301284454481 0
-2.5752774217000667 7.803269928435865 0
4.742363478386309 1.4903420931338136 1
5.915269574227116 1.8214552503635029 1
5.88938373693426 0.6403922864610823 1
4.188719977819103 2.5249104838516523 1
-1.843273370998289 9.435872738812778 0
4.0837600894673205 1.843109390387112 1
5.798952901183999 1.63691494525966 1
4.8737268620176994 3.008613100357677 1
5.453859696425843 2.1017871343456984 1
-2.1824528584504304 9.31476048780915 0
-2.8741503525956356 8.175076460859316 0
-1.9709015440031172 10.086793465508123 0
3.375380429273136 0.1800632314061552 1
4.185331117484657 1.754516406505696 1
-3.652923830373412 9.122845833974845 0
5.16212947224588 1.875254437497828 1
-1.8568747446393306 7.437893971214072 0
3.7935191163411286 1.388262030522962 1
4.962853339845769 1.9121657120853484 1
3.8268644639679716 2.7964495996184375 1
5.332647868076962 3.0790027502354445 1
6.804934904034704 3.1637182782843283 1
4.185084118850408 0.9333631529138477 1
-1.7841018362047532 9.53046441531328 0
4.778524019938186 0.8870433847593222 1
-2.888325364040237 8.81070576809596 0
-3.1584751681187573 7.790345861436065 0
-2.643214789725668 9.02897432292752 0
4.9351587768489695 1.1966705434477318 1
-4.071743479939293 8.485233450852027 0
-3.4916850165910596 8.789652978201296 0
-1.670257122583138 8.397032941651398 0
-5.160167431445762 10.105792980120784 0
4.68120446849872 2.416171814388107 1
4.586758183210556 3.1967385663593593 1
-1.6860270390908356 9.087604095386725 0
3.677146270943489 1.7665584042446854 1
4.918227470872771 1.4639563213415974 1
4.737946375767046 3.2690414658037463 1
4.8303027261531595 2.4223884052257665 1
0.05088691521604449 8.91822622847367 0
-1.776557545837171 8.93356954808974 0
5.7225698901151745 1.5020450321228533 1
4.30474105505665 2.3155075184303535 1
5.840410494701974 2.113529553788779 1
4.974936865312219 2.28932564112351 1
-0.3193946898350779 8.20598784284317 0
-3.217604389963213 7.500571735585495 0
4.586772034531191 1.4221878804024826 1
-2.9968038471252436 8.5817279403787 0
4.033375448012362 2.4290738791114346 1
5.217242361334763 1.8445102375886762 1
-1.8744761544909803 10.123985970154544 0
4.499503777322765 2.280782352129928 1
4.9189626945732865 2.2647333606227047 1
3.1254085270473344 2.2947628952799706 1
-3.927563355985782 7.253477316217546 0
-1.9383071123595832 10.14985176837892 0
-2.484978166379992 10.42650668361375 0
5.634326211737009 2.6191758710552833 1
4.226273302806457 3.8608573412809224 1
4.445609704249582 1.217378183782369 1
-1.127038632015223 9.662996015787964 0
-3.409818357700619 9.652678053806705 0
-0.9957478798106192 9.645097812753098 0
3.0768445296568476 0.7937100194329516 1
-3.110904235282147 10.86656431270726 0
4.114247902242717 2.005576697280868 1
-3.344340524682773 11.103824849893094 0
-3.3314180186191815 9.257973339690233 0
5.618300948256136 2.495312229874668 1
3.359423265225635 2.162649505161813 1
4.290439509011145 1.2006009351844913 1
4.467077098831637 2.745089838777407 1
5.858073547982357 3.0305379893189572 1
-2.1900231126335696 10.354736574221466 0
-1.106403312116651 7.612435065406041 0
-1.08644948695281 9.940501530439914 0
3.5814382025864484 -0.5248913335522074 1
-1.3917988071502894 10.462785358091248 0
-1.3850849030667367 9.961812590321179 0
4.62000520085979 1.8659049181297902 1
6.563324631053055 1.19855471392215 1
5.789550855106849 2.269746622471037 1
-1.9117975532028921 9.71545887050922 0
-0.4848879997658977 7.651112123605511 0
4.034018015469208 3.6925475901480285 1
-3.1329665837485554 10.928317482065108 0
5.158750016668224 2.4689747049683026 1
-2.542427613697211 8.806169270925782 0
4.497732299287556 2.311857001862422 1
6.093154312270646 1.8949390248822142 1
-2.579363334511397 7.353325194682331 0
-2.5288354219794313 9.566776082615469 0
4.1521734632793565 3.047502688710976 1
-1.668577596548197 9.5610196963997 0
5.155173157852569 1.1388878739061072 1
-2.116781655873983 8.505322502490824 0
-2.8308326742701326 11.091034111759162 0
4.572700546178746 1.2574096948299802 1
-1.7815680794157704 9.066232014005621 0
-3.0558777076400157 8.742631017872268 0
3.4780949923157376 1.6900307871969649 1
-2.186029908867969 8.866683541899652 0
5.85783798853366 1.4599733194273359 1
-2.120619018521786 11.507285645631113 0
-2.422150554814579 8.715278777732454 0
-3.0579225307937117 9.107131029339437 0
3.613509628562209 3.203170256659882 1
-0.4339367504274847 8.325098310108753 0
4.342396635354251 3.2851534225146786 1
5.11335073526333 1.7055285930419384 1
3.7392884836920395 0.840384732672987 1
4.517169902632377 2.066542058217383 1
5.3269446320870175 3.439710543219335 1
-3.8760763214681715 8.789520726305637 0
-1.3599242967670744 8.311109703072434 0
-3.296981374960989 8.393438529947206 0
4.784766669324992 1.9970727272256874 1
-3.5005899725090575 6.860896014594607 0
3.1962745740583367 1.4902598444802142 1
6.911328581650897 1.5687722607567707 1
3.6543392355071713 1.0034259643060577 1
6.602466026758896 1.9768653557885794 1
6.316271863436304 1.027662803998001 1
4.986588813833022 4.484726235525155 1
4.41422245551585 3.3621940469034937 1
-2.961503942301827 6.590406801569365 0
6.0818238420299915 1.4607954432640384 1
-2.8282515587193684 8.218260271394833 0
3.947628506962205 0.0042465415246488725 1
-1.8637134419116748 11.177540851503782 0
-3.0643971497459486 10.895443197638912 0
3.24538376736884 3.027061236236615 1
-2.637115214533517 8.058745687597895 0
-2.3171485065627184 8.70516966399582 0
-4.110101601529266 8.185789103418076 0
-1.2709145516191145 9.035557704934384 0
-2.4273682645051853 8.91539647500718 0
-2.476400627641164 8.255790793498251 0
-1.7522090064073983 8.092120804020697 0
4.223253530612639 1.9100466708294837 1
4.269296073827318 0.6251225720005649 1
-2.152182137087703 8.321376532937668 0
-1.7619040179294885 9.624656393631787 0
4.032406548607794 1.5688076912507092 1
5.358296259699742 1.8154227007092467 1
4.186242448636419 3.6993962295763643 1
-0.10578203781447515 8.956667331164736 0
-2.096266168777126 8.450561575394346 0
6.229717814408785 2.5472409048347333 1
-2.5640916236690368 9.299840203055979 0
3.844321768287219 2.3975636218017446 1
4.560811494363545 1.3940455743049855 1
-1.8229374326782368 7.40157025700867 0
-2.3865273070579547 10.638964586667882 0
6.544015425801108 3.5991285993027953 1
-2.7326604083786012 9.728286622290414 0
-2.028188391316037 9.238170152477453 0
4.97602379925433 1.7456934239873243 1
-4.034853937622845 10.276870231625503 0
4.18078852600911 1.2785693147775874 1
-2.0722594533064003 10.204932402984664 0
4.5454201217860986 2.39277965596485 1
-2.829865248609942 10.809497484110643 0
-2.8244668676930957 9.773255348691588 0
2.9506957982608397 1.5019059432382122 1
3.569026417543663 3.8845887710804554 1
4.91646034181915 1.9817257647650819 1
-1.8767898839972292 9.98684057782505 0
4.0322324908546285 1.8358587181518524 1
-1.4781981005567992 9.94556624731452 0
3.629280616299188 1.4579512901324891 1
-1.0886933750628953 8.443539834448845 0
-3.1551618021772856 8.215094121548068 0
5.311823444042599 2.3573717559466285 1
-2.699880023816097 9.231719001378044 0
-3.1219863135371364 8.626584568262338 0
3.273020472947275 2.5657369577880624 1
-2.734053604860829 8.364283547374862 0
3.1087713336723795 2.4874244399585668 1
3.6875624554893043 1.2961745454822007 1
5.084077163518773 3.0744926416764944 1
4.666083589002137 1.669605358674817 1
5.344385376052824 2.7622263713162507 1
-1.593795505350676 9.343037237858006 0
3.9251981592376697 2.4944495889545464 1
5.860161732645818 0.8964905564697185 1
-3.472956549263361 8.057135213303278 0
2.5495759373749447 1.8029114371448265 1
-2.7679936857198526 10.61293329870304 0
-4.202154437248136 8.915946501403571 0
5.354488626864719 -0.07677159463674599 1
6.401066961095475 1.9728560113289573 1
4.39718008840282 0.0831595127577891 1
4.289029406151627 -0.24517807611034925 1
5.877532593740099 2.352937319981628 1
-2.525620519125502 10.202679401646405 0
-0.9784467907090528 10.233047979895638 0
5.100150461210405 2.1680120242108702 1
3.2715637973952907 3.9604456831715398 1
5.0639456977465525 2.0126167321814714 1
-4.310255357205489 8.4716123284643 0
-2.185113653657955 8.629203847782005 0
5.572070400488486 1.736614396721786 1
5.278539004871204 3.0312880090278824 1
5.877316970912241 1.5158680288539421 1
-2.5286172289404827 8.711106345364046 0
5.499463708571658 2.052971167999465 1
4.7237054641574625 3.383628829144236 1
-2.9792397708122516 9.28016435785037 0
5.819604044588812 2.16727731489409 1
-3.525019442031147 9.075965978046293 0
5.433054524446779 1.8511125518194547 1
5.26194882653415 3.302103003476142 1
-2.773854456290706 11.73445529478794 0
5.3352813107784005 0.8321611741879937 1
-0.6625606270050843 7.944201361872169 0
-2.9880350790611545 8.1515103641552 0
2.808733957889751 0.7447258526749694 1
-3.5304304401834634 9.722642575497675 0
2.949207208621649 0.9946701380741256 1
4.535536043241209 2.3664767339460555 1
-1.8764157569464652 11.284978986002717 0
-2.699236658054245 8.656840705387895 0
4.935503324975197 0.45652713451994087 1
4.699964830843265 2.3614816893641817 1
5.874630750272896 0.9412144418462971 1
-2.804147301344778 10.262028200872056 0
3.440181307862793 -0.34297417902814464 1
-2.4073413277907636 10.563306279693508 0
-1.7087880978250678 9.768577458011896 0
5.150036305143285 3.2457398468693013 1
5.050428921555718 1.7421002064830517 1
-2.3869001200204663 9.557584157234709 0
4.608439665853325 1.1247410497499173 1
5.304581581561211 1.42024884657343 1
-2.3405429510860225 9.45622677776773 0
-2.2493148288043265 9.796108999975631 0
2.6213909718394635 2.1182334299001138 1
3.6376618173013764 1.220734446587697 1
-0.9286569364843766 7.999191936370453 0
5.148147475902691 5.899407390377059 1
3.274857040801466 2.6746644658654466 1
5.019031954954226 3.2033918595915196 1
-3.214209478811159 8.958517050540616 0
4.059825594858058 2.212574184476109 1
-1.212203076491641 8.99141806589944 0
4.1622332536240965 0.7180343119673371 1
5.72164556390093 0.6609504905093257 1
-2.623737468305368 10.252102440171782 0
6.823975569608558 2.543676892295248 1
-0.6358998468352046 10.094334193912971 0
4.449006616674922 1.774974007561012 1
5.121744897946593 2.520434481318699 1
-1.8873876608355538 7.444061408307865 0
-1.3234934683897532 9.733239438863388 0
2.0041310972112236 1.976545190537893 1
5.0496416321875985 1.1120817737671616 1
5.6187683947848805 0.6014265546772264 1
3.967393240221765 2.196440519860993 1
-2.4846874487938075 9.512284419443771 0
-4.201662252767569 10.543836447658935 0
4.594366590926859 1.5489333505426885 1
-2.017178775059951 8.48825128553074 0
3.972689751450596 1.240200784816973 1
5.61519129470608 2.4887977723846886 1
6.3398362108044815 3.0447128361756177 1
2.443751015128155 1.8110457084608735 1
-1.4010148063152337 7.97438020107279 0
-1.1485390272140992 7.70546572907921 0
-4.355385485290844 8.084775268005911 0
-1.5029048138383097 8.437394258675173 0
-2.530564917401186 8.267074449050497 0
-2.676319336839162 9.296866078686621 0
-1.5928699483502688 9.360774604096314 0
-3.282986822156323 7.769631424886905 0
4.31043104988101 2.7050403882290275 1
4.508406240556433 2.7992168553822383 1
-1.273415431230596 7.9432324485492725 0
-1.7868162652249788 8.641452976106555 0
4.422861785803731 1.6646868954849123 1
0.1351457239642846 7.511315799803168 0
-2.4606759951079233 8.183336011787283 0
3.4225961440076222 2.1326321907448613 1
-2.528213830955439 8.011756763560513 0
-2.6704833347187593 9.41833698501286 0
-1.7997458059137106 8.578799757628477 0
3.3472534890758388 1.4410011208135425 1
-1.4572500053298316 8.016225500883909 0
5.243126336799495 2.2713281499312576 1
-2.319616006454007 10.015332220765462 0
5.154762432304474 2.793094936575966 1
-2.6861448505467997 8.215988883659868 0
-2.128999772046787 9.624871873482144 0
5.010090726169842 2.557483850376042 1
-1.0679243339866347 7.578423977018883 0
4.673906247300334 2.0845422857807843 1
6.588221481017914 2.9982788365225055 1
-1.5830200755211088 10.923702768668452 0
4.410488092160073 1.9296927341268695 1
-1.6837812740647204 9.82779576419896 0
4.959403507011057 3.626786952433017 1
-3.1209667139580355 8.97724933114991 0
-1.639129892363996 9.509968016170927 0
-2.1320972291505638 8.985023314513343 0
-1.006840570956722 9.088380908618097 0
-2.5468323254775984 10.117588010214844 0
-2.816975858005751 9.233436455862261 0
-2.8184067001026136 8.262129722607739 0
3.904677801464855 3.6293779359980274 1
3.8214501702861 3.505537408618848 1
-3.5768180524353443 8.871906643177027 0
4.94728240594779 1.148557433505971 1
5.177508739177981 2.4013559317513082 1
-2.3889019913408513 9.52872496225707 0
-1.3026886565443934 8.197350457211085 0
-2.5439093927579934 7.845608090578789 0
5.202759696402456 1.0933553304386776 1
3.783380598818902 2.0708400606890676 1
-2.9355552192582937 10.162731837395077 0
4.6851015452280835 2.0243675858218175 1
6.046813582119852 1.4890511893559144 1
-2.166472276675046 9.471039347352106 0
4.043467428259222 1.6739879115132976 1
-3.6601912004750528 9.389984146543993 0
-3.0681194703243384 9.391498003262843 0
-2.831877461894886 8.763453111743274 0
3.6941327755313202 2.5814158756257006 1
-1.3202842515781072 9.722589975399385 0
3.735264461234335 3.145926529208177 1
4.183758008753913 2.1545963040547034 1
5.396667516215083 2.585638477954334 1
4.178709104193483 2.729734358853872 1
-2.6793822455776786 8.561058078871046 0
-1.2972536376663497 9.275536659432177 0
5.033676134444353 0.04549710459512202 1
-2.015879722171861 9.199122251893195 0
-2.954700144453522 10.467670605316023 0
-2.3293034718992716 10.40628841454292 0
-2.7182208803387753 8.16376567398902 0
3.1396569747811656 1.1943326411202972 1
-0.37616424839648355 7.062198328675819 0
-4.479301440764585 9.90688346649763 0
3.5425105172570346 0.4962447564088306 1
-2.3080985763377826 10.064940524205934 0
2.957220142105416 0.9491410930543525 1
5.321930901940721 3.460415839276659 1
6.689690932014027 1.9738525028982146 1
5.127184073273096 3.0450995491525292 1
-2.8222556535759047 9.013577533621676 0
5.146899108363458 1.915774318866696 1
-4.591127030936472 10.71074249648836 0
-1.3414155613929428 9.268706971499535 0
4.897631376370852 0.7314091084591077 1
-3.2363347988776185 8.766767492646817 0
3.56968727333377 3.692210296782553 1
-1.4305167896214546 8.975777658697615 0
-2.9293844401486075 8.732501519337815 0
5.870753349382836 3.6581839626492414 1
-2.6204236844014503 8.110378486733532 0
-2.5021344644245738 8.353964988724874 0
5.58947340759259 1.9137545026682379 1
-3.3381926339748222 8.454105088001352 0
-2.158567523779191 9.503473258345984 0
3.541258411050289 3.393673971211795 1
-2.010975874555965 10.154435166719589 0
-1.9793934451374673 10.455854748856222 0
5.140710427232313 1.0946958825986721 1
-2.2653969092815514 8.450207497461593 0
4.439526258433937 2.20501177607558 1
-2.360530165850639 8.677200157080282 0
-2.460337552727046 9.054877819402204 0
5.840140585966931 1.510008321855333 1
5.572313707182769 1.5580693949773625 1
-2.7578887492362973 10.621631704218315 0
6.090806384507314 3.7803663275786175 1
-2.449567253132576 8.367349350492749 0
-2.1187327731238605 8.911064375265825 0
4.451617501141794 3.16628262979176 1
4.084332056741235 2.1775587155437086 1
-2.7665741604760954 7.345702054320732 0
5.519295877365504 0.8957936069559738 1
4.865142953475651 2.6658924390575915 1
4.345636330591644 3.329753069768714 1
5.626255342134039 1.2611964566818092 1
-3.57159115119963 9.44259322540597 0
-1.2434897821880495 8.148111279983821 0
-2.5357188823018104 8.132411476970603 0
-1.4766514187110928 10.140991265025905 0
5.5730069085691705 1.750448983164125 1
6.217996893790286 2.9586193695559504 1
-2.9436938504850656 8.705114004729682 0
-3.760737047243194 10.45805073227158 0
-2.6920940641575903 10.389162547346507 0
-2.018222671414499 9.74916391424814 0
-2.0691831729994177 8.512231903845711 0
4.815165615162025 0.6364442450648014 1
5.990951728641241 2.8593608725255275 1
-3.033717889332524 9.503660689426239 0
-2.6136468415902216 8.845464405008311 0
5.531182523097857 1.9773995429348836 1
-2.140524314179849 8.62094731587096 0
-2.598933317339977 10.454403343647794 0
-2.3956802778015023 9.676416802719368 0
-2.035959998479205 8.94145721554145 0
-1.5438001384615796 10.25041685000454 0
-1.3604319226806467 7.274572349420222 0
-0.8366252362150468 9.433305137564366 0
-1.5587737848667 8.43738247253592 0
3.985980447902525 2.0004830637921707 1
5.133942755203621 -0.881456978963659 1
-2.8784747622989535 9.157674595540573 0
-2.2598139393419947 10.591739407961796 0
4.42581113850024 2.352575081545842 1
5.826613456405433 3.4095050896467107 1
5.352590865089432 0.0900194758821482 1
-2.4333930648590236 8.33712441668621 0
4.978431712514015 1.035244107404333 1
6.652149281928867 2.996879230047713 1
3.4509154166931397 1.9232895298126143 1
3.9715336413812996 1.9120940125883559 1
5.5013153618609065 2.2244863321788344 1
-2.201395854160691 7.304117735541696 0
-3.163273306180174 7.183653231341864 0
5.501514960726046 2.1122300825941496 1
4.8565619551923875 1.6698196164635979 1
0.06416218019711017 9.07350456221281 0
-2.597479671404005 11.59399546585264 0
2.9832556285503276 1.4487215476780801 1
2.7305227487208086 3.2914720087934013 1
-0.914692559827778 8.167324779879994 0
-1.9156409007718884 6.073897493534041 0
-1.6487241346930048 8.431208689629383 0
3.3705483396814024 3.675684342070338 1
3.550245798885713 1.1884077758130287 1
-5.03948514579908 8.72828190631821 0
4.279839567471119 1.245092586085411 1
-3.465633999870759 9.4866924060787 0
4.719476698604137 2.5272274550566394 1
5.173238080933551 2.812638188459137 1
3.90182175256671 2.1544208465427825 1
3.0909183111746263 2.231145665161913 1
-3.743546494932672 8.421821869045427 0
4.108664541620503 2.457046335128772 1
5.6473228094233 0.7182470159384395 1
-1.6260878459055912 8.93644893118552 0
5.419227840133434 1.9341501645631878 1
2.555765896729513 3.6978663337018407 1
-1.686652710949561 7.793442478227299 0
-3.331617555434951 10.135316795522794 0
-3.152715853432893 9.94212625627956 0
-2.9883718608980403 8.828627151534505 0
-1.3297575023314632 8.545110476093617 0
3.8607860968514007 2.176405638526763 1
4.391262982461424 2.5997833212038026 1
4.421012584492476 2.7394126589812418 1
-2.5347516940441954 10.187015147457686 0
4.12344919234053 1.7767031005126348 1
5.591428606802144 0.9520072263804318 1
-2.6404545901450547 9.09113801115709 0
1.7104301462258333 4.026141708442395 1
-1.9024745639165674 8.831089509477934 0
-3.480854357594036 7.634667963409391 0
4.565905972633724 1.8975040796149016 1
3.8153646747004277 1.3645799607010316 1
4.964337440580619 0.16930689137836707 1
6.116813262346376 0.805390132672797 1
4.834903820256228 1.2148876150531418 1
5.191764808050255 2.6533998923583613 1
-2.87016378887183 10.17361593156257 0
4.102233078448285 2.628573513790969 1
-3.110565267003964 9.334068062340858 0
4.156317352381564 1.3610027667859113 1
-1.423302057221172 9.488984361078275 0
-1.8273061334264389 10.860993453934356 0
4.626041090133864 1.2834419098765582 1
6.137310519407728 3.8308720274784642 1
3.6909623154032642 3.72053288185629 1
-2.6763157033696046 9.160999814631644 0
-2.5450236621627016 10.578929784012328 0
-3.1268495184871004 8.698213272171271 0
4.288464600514369 3.53658304277284 1
-3.053580347577933 9.125208717908187 0
5.061424919764662 2.239988080236134 1
3.900507428769065 3.1650690183543047 1
5.589894664897747 2.216174405995132 1
4.043249777616371 4.071109023073163 1
-2.495268331139804 8.990161041088319 0
-2.9557125751197715 9.870684922521793 0
-3.2276048886219475 9.909210505142763 0
5.323207829039171 1.7638558643613704 1
2.858720421762468 -0.257298335183727 1
-2.3756567182704678 8.861816291817778 0
-4.065779521712502 8.586170967232409 0
-0.9160109964133532 8.503070451767137 0
-1.5129308036056102 8.520529545037009 0
5.171885035050044 2.3348307451877486 1
-1.6788618065085046 8.158202302289455 0
-2.3086284258218073 10.162923477627036 0
4.835360567781392 1.874324482701426 1
-3.9245683651031644 8.593640805432962 0
-1.9746919745721998 9.901941554072158 0
-1.321811571487999 11.603849770216936 0
-0.8969193650641047 10.329200581782368 0
-2.1054675327161405 8.990090521807405 0
-3.6008984991920645 8.62718642572392 0
3.52829858671455 1.937344105234269 1
3.7947248778019427 2.5265586670151587 1
4.665089703768183 0.43005145599786165 1
3.9068458407041122 3.791231606498557 1
6.449185185961212 1.7551237885483582 1
-2.9524798742442604 8.129483414171421 0
-1.9629133750490506 9.02070839800926 0
-1.207456333653952 10.575797324925174 0
-1.800983199796193 9.247502259461823 0
3.0883665871691726 2.635221518699205 1
3.723686920746859 1.1413474757102873 1
-1.714932943430923 7.759996705029073 0
-4.136740060935913 9.062371074859703 0
-4.287917871957029 10.510330439687504 0
-2.7545857390556208 8.260549963840832 0
3.623195707651604 1.7290892102665307 1
-1.109842186466748 9.93891981111109 0
-1.8190536313416377 8.613065656312486 0
-2.4038221169067904 7.680260633280117 0
-2.740132153261428 9.71049249301174 0
6.537645852974078 1.0252769666717456 1
-1.8964237179901806 7.960870565024665 0
4.409012462383332 3.4264303472617663 1
-1.7975827449638604 7.889644036360452 0
3.4827622175148303 0.6400413291629254 1
4.5908494953900645 1.8128096028959013 1
3.930857878597611 3.9264288214673 1
-2.3949699743907105 9.164587889660199 0
-2.157749415511167 10.08443636651475 0
5.120623415996086 3.469880091386713 1
3.0562904464405216 2.3861685960785297 1
3.512382737275063 3.101078677194301 1
-1.723397464401918 9.439743689983287 0
3.2246116443039137 2.191703726351678 1
-1.5108867249047897 8.582665815480274 0
-2.439145459939569 10.176164430806512 0
-3.3696109883367025 8.629730583968497 0
6.61242101301791 0.587181741541734 1
6.121839604664637 1.6899516449954994 1
-3.0628469283999324 7.816408235609473 0
4.049986518472494 2.6718584974577757 1
-2.6672055216317396 8.587405058250901 0
3.2039693123595736 0.6573538675132249 1
-1.9185427923604408 10.12298970878123 0
-2.125132174113443 8.981591380104229 0
-4.287785207059267 9.3339379541173 0
-3.2112507169301026 8.686623981600553 0
4.423918315877869 2.910647176447657 1
-1.8366239218500189 10.914168063093538 0
5.104248699774676 1.4226177522322443 1
5.47954270065929 0.615652144098797 1
-2.340736646783136 10.33188366380628 0
3.2670193847470372 2.3246495842929336 1
-2.1850312705643082 8.884143073830638 0
4.747323210568994 2.3605411645737218 1
-2.065378194906522 9.788920181627658 0
-3.748304698706651 7.546760862445882 0
-1.8298243400962468 7.8654920930396655 0
4.11363097971068 3.36150746214918 1
4.943697431832977 2.6947321890668756 1
2.2529489660324287 1.4772915119305827 1
3.2740546808126627 1.8242003741734352 1
-1.5131499372469337 8.25749103962886 0
-1.7258071137701547 8.762747242153825 0
3.6751734104773863 3.6016382387130537 1
3.068997379102189 3.32874261965108 1
4.249955129668656 2.131223173860864 1
-2.1655793334842888 7.251245972835587 0
-3.799158522793804 7.719207356134706 0
-1.7020750264154398 8.040739928493853 0
-3.2245013323127183 9.693883877132997 0
-4.013917997083753 9.774342091887924 0
-2.255457961558177 9.481979299963754 0
-3.155770507295277 7.932738124583927 0
-5.071531281848061 8.823258365598152 0
-1.2275538280489815 9.571977188923446 0
3.7605960538161134 2.3217648038017122 1
5.422752571176674 1.542044114365633 1
-3.515215004552452 7.80009751541059 0
-5.113411479679884 9.213234274994816 0
4.594985806105564 2.155670714539945 1
5.139742959968473 0.5738635091387905 1
-1.3510867495526824 9.805948822161257 0
-0.3518894097872467 8.408571205194983 0
4.830514427493125 2.9144802647082155 1
-2.728869510890262 9.371398699710069 0
4.0475228805760475 2.0967173798963143 1
-1.7671022510434433 9.313578708604814 0
-3.2437891998507995 8.204033691183941 0
5.555269111788263 1.423629409345197 1
2.821899610840947 2.7328819794249 1
4.865186758269043 1.6036427551073733 1
5.236319973809854 1.338883836251329 1
-2.335855958682342 9.258239326106821 0
4.523649793106143 2.1878828671112585 1
-3.104858917096242 10.388724221369138 0
-3.8136671235576034 9.68395867702836 0
4.25217891981954 1.5595540183110892 1
4.735223035669409 1.709721467858483 1
-3.177288076695799 10.006328477734844 0
-2.0803811227221773 9.707391735461465 0
-2.949242109749734 9.145026705484414 0
5.482984168551342 3.136008261475718 1
-1.124924804542232 9.578195248250681 0
-3.7530608584440355 8.321380930402414 0
4.351330140352396 1.1894161628163036 1
3.5996851164122035 3.918364758217665 1
4.585973987222363 0.9908661035634174 1
-2.874519174364859 9.19896643406323 0
-2.0795794039201643 9.221973815361432 0
5.595148073435307 1.934426788951189 1
2.62254003810569 -0.8591562410434088 1
-2.5918783088954496 8.892538619815038 0
3.6645128089498513 3.2766776158754913 1
-4.384370092698495 9.12931220734574 0
-2.3360166972015683 9.399603507927159 0
4.657895708272548 2.4458000297841376 1
3.8038166841280767 3.3976655051876796 1
2.845986338360211 0.6177221808284428 1
5.813321112860546 1.7006249625789227 1
5.109146426036627 0.4375975607336262 1
5.6612621316575 4.061612456810657 1
-2.2851051412423335 9.026878528980117 0
-3.208923131045336 9.228266038932544 0
-3.039455241425191 8.221413295935978 0
-2.868966268841836 7.688238442116283 0
-0.36525353372742453 9.648205150516333 0
3.1227051395564223 2.7237488514624975 1
5.231320987979956 2.653390044417423 1
-1.4178875024584812 9.623424249105499 0
-2.284745804492778 10.061384430810476 0
-2.571876720325922 9.96942844869956 0
5.061658910478973 3.2833615920216292 1
-2.2870638514190373 8.535537506534844 0
1.6322464965343442 2.544349090159941 1
5.597670450701007 2.1807730353413577 1
5.22578303739275 1.23639954799311 1
-4.721059534382257 10.547719829494646 0
5.834641698105039 2.8678168715146044 1
4.227658091203631 2.8866434159581384 1
-4.116757487421724 8.251561349632107 0
4.9003210995616575 1.4343278277479938 1
3.2682051389976357 1.2637286815131854 1
5.515925628757896 3.445840359691714 1
-1.9941623558440904 9.52807207911053 0
4.442957028231212 1.5085886058251137 1
4.577239258900867 2.216293142453625 1
-0.9231808069073981 7.776470629371472 0
5.498329952884767 1.7385491139833182 1
5.145468078063976 3.4622827922690216 1
-1.1167323229884214 8.764239613599369 0
3.8236615916861365 2.0513127469103796 1
-1.658299660884778 8.876914339798924 0
5.527382803642161 2.73401633825221 1
-3.244727565642517 10.250379303408758 0
-3.3017183614854506 8.899549686731422 0
5.3190216116662965 1.6711241844508677 1
-1.8122432185420145 8.680466638442311 0
4.2947141307783046 2.4624242190170595 1
5.710243996458031 3.2450621058793887 1
4.360068493851095 1.0086318890305406 1
-2.696069267214109 8.574555069924147 0
4.957332097478276 1.6403092795582208 1
-2.070721884243023 9.03390278589231 0
-3.387180209809311 8.187405774158462 0
-2.9752341249209926 7.419583060931526 0
4.342502756984995 1.726786281426184 1
3.0018497787920846 0.1867942185860454 1
-2.147802017544336 10.55232269466429 0
-2.1768836110731584 8.265799591641768 0
-3.2516682087507984 7.694263616977616 0
3.4629167234581333 3.7937135918825478 1
4.1740732671099385 1.8223319723740368 1
-1.3663748085377296 9.766219160885095 0
-3.738747217505167 9.510985351434844 0
-3.1610337308549092 9.061684799514735 0
-3.855068546525965 8.195028268476824 0
-2.7203278618804445 8.027106601047137 0
-2.5356033800116773 9.294447287017928 0
-3.857383045158463 9.757550222221036 0
3.3012730365048526 2.666088306972343 1
4.059862503574417 0.8167538671968753 1
4.445181540111419 1.9089815068322342 1
-1.1810034812036923 9.57051613759898 0
5.0692196590298355 2.3528093323266974 1
-3.146584750359268 10.203302659305873 0
4.3712330829183585 0.13680990017033468 1
5.204484762121702 0.9535053452486164 1
-1.7374989124044053 6.165743507568246 0
5.132865294742561 1.9156519309352689 1
-2.3486236420028854 9.017332148351736 0
-3.2951870835606996 7.683053174640543 0
5.191355111467624 2.3137589003412287 1
-3.159840192174577 8.527160744433626 0
-3.134016200748429 9.040377178409155 0
4.583958387705888 2.3111272121728503 1
-0.8437231785901735 10.028656193216452 0
4.269370737638073 0.56760266476209 1
-1.9394303428205464 9.461994688215636 0
4.605953610300192 0.3784137257773996 1
4.80417360159867 4.169392826093532 1
4.223684431342847 0.8431003449003742 1
-1.4331904844541519 9.035597776870263 0
-1.7683732776326244 8.501072561726737 0
4.683393504871567 2.531309198459238 1
-3.2309351763900036 9.19110700033772 0
-3.1826882472966185 9.293280290422123 0
3.990051950730665 2.0573379141264283 1
4.967700009071186 2.8974398234785617 1
3.9697636357738686 3.144887598656892 1
4.159045046716122 2.669337681100021 1
-2.588839014298465 9.466657924448056 0
4.707717350145039 -0.0467576482154044 1
-3.9572819645500745 7.606822353821766 0
5.831586333335166 1.88945172409152 1
5.343318969366996 4.1280983613238735 1
-3.4741210836328547 9.70033758819676 0
3.759124746625371 3.7718947022920437 1
6.033333363752533 2.6837187862385172 1
-1.8548319666986925 8.958701457287866 0
5.340579448348685 4.787824128413285 1
3.3467372924694536 2.545559995116408 1
-2.376227948905874 8.314165313259148 0
4.189865978232287 3.230318900803305 1
4.546491977328153 1.4438375714923612 1
2.5528518176260326 1.3885519532835324 1
5.8952824456879975 2.9190393276248776 1
3.2496569110746387 2.1309311232345016 1
-2.641831369435324 8.03975682352768 0
-4.576639723092627 8.925166088685533 0
-3.1527474553702124 10.044246945779483 0
3.097075617985202 1.8125385644152376 1
3.282943266528526 2.196322738688429 1
-0.9616924217226885 10.810163801293843 0
5.1461198255340275 3.4204753833325388 1
4.873903290581249 1.7246410658662827 1
3.4528854479223567 3.030983864761528 1
3.3515712187645637 2.2658851660825854 1
-3.4079816713758784 7.683972502459332 0
3.9329862682407524 2.828725342961444 1
6.274945230755621 3.284863133213393 1
-3.5628800421991045 7.946483206619129 0
6.632394189396219 1.206513096157384 1
-3.837383671951181 9.211147364067445 0
-2.5128001621433187 7.855921439005779 0
3.6201835165192446 2.179531455266183 1
4.849413066490896 0.8815445117816294 1
-2.1982900574547455 10.489642345147873 0
5.935941898009498 0.8660128671382803 1
-1.858747530516611 7.511205826438504 0
-2.22922899673293 7.888797080899945 0
4.5758010720793845 2.5094605934579217 1
-2.922662784176026 9.274566634781207 0
4.403962306915977 1.5662844394363573 1
-2.0907994021640666 10.415884721144751 0
3.2440896340356162 2.564518925699132 1
-1.7558560019482177 9.395444513081099 0
-2.3062746022014506 7.49854201320109 0
6.016375286247639 2.2863018239538873 1
6.156272891481674 2.5752880043332156 1
5.820007009969629 3.1174627525006713 1
3.3698802388342255 2.64200981448695 1
3.897394603689717 1.4878638485728637 1
-2.9945611708818536 9.096160267584644 0
-3.3016175440527116 8.70632459855928 0
3.9322529414060754 1.2609958197646884 1
-1.1189900740354368 9.572096434550184 0
-3.9118028948524435 10.76386287138526 0
-2.1772172924837356 9.204785807977387 0
-3.703122629451806 9.157229222962028 0
5.951046334030726 1.7488507130626272 1
4.500481635564867 2.7128228356654036 1
-1.0580540152577085 9.973556954283529 0
-3.0595027768981704 8.34266276026027 0
-0.8671824629163811 10.024103217540956 0
-2.8728098352666063 8.957340504477255 0
6.039473481373895 0.6310419354556169 1
-3.378860704327445 10.139720912613091 0
5.8927214706555855 1.5249450676405827 1
-1.7982376548492587 9.458549439684361 0
-5.750464963121823 7.989898486864032 0
-3.4076122944011082 9.506205299704828 0
-2.7395983372585175 8.090052983930017 0
-1.9621002418827123 8.812093475764428 0
-2.2531678887388744 9.996977112143835 0
4.461960960423704 1.060358764644219 1
5.150670924755696 3.0037502695647893 1
-3.1384610167455387 10.548013838114821 0
5.285466548402295 1.9925509216387571 1
5.6300450751873905 1.7560386089945295 1
2.603658333372165 2.020663152192375 1
3.102294039778926 1.8282651048593006 1
7.260671927258077 0.8612026581665684 1
5.437722616123868 0.11383291228067449 1
-3.4977887302036677 7.91069681098255 0
-1.4489877155538704 11.773946167109399 0
4.964219046242969 1.4404441857238286 1
5.1313082889483015 2.542930041139379 1
-2.284512897300864 9.946876960071412 0
-2.5796964011118413 9.500787772024523 0
-3.8536481340870274 8.095634181714123 0
-3.698609515920078 10.656959081454286 0
-3.348415146275389 8.705073752347108 0
3.485516167995117 0.22134087718901285 1
-2.6896775366433756 12.207393696043182 0
4.120482464401975 1.6322618065946521 1
-3.7188923658938577 9.614214858194526 0
-2.1830646008106322 7.763172551813018 0
-3.988109191826879 9.197646047977477 0
2.664391065010964 2.724269138448042 1
3.597301141557525 0.800935930504092 1
4.035898210258872 1.7436210285803848 1
4.987440450031653 2.0598673833551286 1
4.278416069534115 2.3896157220421848 1
4.7433169655362075 4.015245724084476 1
-1.6685540740640261 8.361662148895931 0
4.692137326725584 0.9125646175441311 1
-1.651537999850731 8.854347598234895 0
-1.423411298113403 9.112269281669217 0
6.202767604736299 1.6991766021114278 1
-2.3491793971999626 9.516068864365867 0
3.859679707110639 3.3037445879797724 1
-2.8010088919682943 7.451095319501665 0
-3.7005011202553986 9.670839736832152 0
2.574795789971781 2.001627265123891 1
-2.3859928162682644 9.56577150423879 0
-1.5709138170767525 8.498241399980948 0
4.073484245013378 2.804786470121136 1
4.548479278718987 1.8922911860752707 1
-4.1926358152737 8.208416061702133 0
4.825054373058015 2.3986145481249044 1
3.7236047356643764 3.3286124850462278 1
-2.7777282709585824 8.123093902783035 0
-2.2282057553177177 8.391586608377727 0
4.552443507450921 2.521489311495231 1
-5.128942727142494 9.836188632573545 0
6.104056074980539 2.97002845740654 1
-3.9572115234689944 6.81548017157824 0
-2.480879246922289 9.044042267694067 0
-0.8252699315948815 8.555401865329381 0
4.297329635370336 2.143633454937303 1
-2.4130768461117666 8.55201083949328 0
-1.031303578311234 8.496015909924674 0
-2.735681721902582 8.054846891474842 0
-2.536502162562682 8.081018169125125 0
3.0970773210184555 1.340414654055693 1
3.5096751115541776 4.384846359519154 1
5.370837812604318 1.3225098565723483 1
-3.101591547291619 8.150295358518505 0
3.486528325632142 3.110484226305461 1
4.4017683999160475 2.019172431194006 1
-2.5226948477906843 7.956575199242421 0
-1.4531408139866984 9.237525042327482 0
5.126063627790041 0.02379792861830876 1
6.010414980224815 2.6683725840247314 1
-2.5493555736970936 7.583511026080274 0
-2.338332184924808 8.830302791845643 0
-3.037814304802507 9.600650146953415 0
4.546934629614513 1.7336677619189822 1
-3.1323381494775147 8.458809009038067 0
6.594036269978387 1.4674229796787954 1
6.248659691962475 2.8013993741253547 1
3.6811003800413267 0.6206609945000097 1
-1.9952897733938353 9.19386791013792 0
-1.8900433620475523 11.07178159791002 0
4.230192243598604 2.685491843520894 1
-0.7816544529520388 9.450609797872353 0
4.424211198680469 1.1002085934870316 1
5.306148508271624 2.5511482075802894 1
3.687960376205866 2.0506502024595945 1
3.922862687100165 0.6885854182407627 1
4.456728365174807 1.6164965497608608 1
5.430250732279813 2.3132209785096225 1
3.908247097319573 3.8636103690965147 1
5.1833582148981945 2.1729801176594457 1
3.544608317385297 -1.2035341292552686 1
-1.9535931570493017 9.10386680945357 0
-3.3445446763125073 11.15943525597171 0
-1.6840993583851156 8.14715591248742 0
3.960648183035146 -0.9410863058762091 1
-3.4286218572865534 10.564220533215861 0
-1.6189992119279633 10.049535462922075 0
3.340297599300504 2.8029021018199067 1
4.893044074266083 2.793513696553188 1
4.837171101859308 2.284478357383617 1
-2.4867317302407037 9.561405243373532 0
5.907530347416075 2.2618976869505683 1
5.4899581686456544 2.390850436180133 1
-2.646646137680442 9.96716067540126 0
-4.681867169066786 9.861707805348743 0
3.4637054996733205 2.4607299810274506 1
-2.7481456699191598 8.106722466156723 0
-1.9591455240281983 8.045941673334687 0
4.995547784791331 2.1647470801348216 1
3.648182172787791 1.34028940905594 1
3.3227469162815164 2.7491975977842076 1
-2.704105903405431 10.148056225065385 0
4.009853856694207 2.705125186450578 1
4.1380946434165695 0.6007041360566312 1
5.318825823990334 1.160767335003312 1
5.142663263123295 3.769530506867696 1
4.228452229112099 3.127070418196479 1
4.871324758753674 2.6196592216665024 1
-2.998637065570972 10.058447005267393 0
5.761736692458572 4.293210405957991 1
3.2444303314730294 1.2652587432666567 1
-2.5586613327051833 9.689105620364925 0
-2.9592630945319938 9.63713606054582 0
4.015533446514877 1.7886443262848823 1
5.455379858672364 1.9250811766099594 1
-2.778604457497308 9.731828383994284 0
-0.4484496981707631 10.769626970641525 0
-3.085968953621083 9.769677354024077 0
-2.6722645869965143 8.269383483391872 0
2.971279577349906 3.031898213824611 1
4.104543749211878 2.3316233021503523 1
6.009579943882287 0.887115101822646 1
-2.45098890460675 7.871315830367698 0
6.313330926526638 3.31363073573108 1
-3.1606156266671985 8.530400294144 0
6.510844011599883 2.3627838613116356 1
-0.8392931187013439 9.408957658021302 0
-2.524507472225746 9.59357762779941 0
4.3524313168277455 2.2604985883437414 1
2.7276238608083245 1.9045356378552634 1
-3.6054727099479518 7.574235245604028 0
-2.5561182019319344 9.491326955421442 0
-1.9880751946734119 9.659501714148378 0
4.033178541462805 2.1844533762202047 1
-4.3123372993086955 7.430150185192832 0
4.655061778768535 0.9983631080178901 1
-0.7822337718193451 8.61464994258372 0
-2.109974500447471 9.661482067901062 0
3.732122656081181 3.492453607582501 1
-0.8919850480841263 9.118642065721534 0
-2.4771934739869836 8.260868257852138 0
4.779766069067229 2.969287898851861 1
4.510361589364661 2.553026969235864 1
-2.8519121395795195 8.212008858976702 0
4.151604993776557 2.6064965100119704 1
-2.7377975383927686 8.019936753589809 0
5.799259879528623 2.946271244955804 1
4.525238000721709 2.2374379555863686 1
2.7998010917223484 1.9408890728912618 1
3.8159433492561017 1.254060232491546 1
3.4024521980055287 2.082578155773702 1
5.3114100079571545 3.5012010433285647 1
-1.8869904790093481 7.875453010417552 0
4.794372501823353 1.6366170940625586 1
-3.1187098252120333 8.827314825212875 0
4.711915697511846 1.7609607140395802 1
-1.2048573801745976 7.351794140162648 0
-3.803879098773656 10.175112915576841 0
2.661653586853291 2.0201045860011018 1
4.698863057817698 2.42004218474343 1
5.125915125645738 0.4258656950023665 1
-1.74311734466806 10.241219352082629 0
3.75254937737233 2.744965861176393 1
-2.8449823223428785 10.683307653487715 0
5.681603500286952 2.5567139869526194 1
-1.3460338708977906 9.024519189217909 0
-3.226019943655555 7.147749511125261 0
5.2804217713028745 2.096247885596913 1
5.035677684937848 2.236720495895517 1
-2.6693304186193907 9.685626204648788 0
4.7211572582843 1.9352766022239012 1
4.780861535840161 3.561796611984328 1
-2.2951038789225464 7.768547349486333 0
3.383371941948845 2.786374870688709 1
-2.837092339565668 9.169476812057301 0
3.4453558964620665 2.258972970735465 1
-3.1347603245622797 9.41008966163573 0
-1.6797227811210016 8.820459989425519 0
-3.490706274100701 9.476389602461593 0
-4.0931004465384735 9.774700784342619 0
2.7031261337256365 1.2118144141317915 1
-3.625722063001409 10.25009774820526 0
4.489761884974294 0.7091635159933682 1
5.03529982161614 1.01560072892552 1
-2.267235351486716 7.101005883540523 0
5.011984308834965 2.362328879608661 1
4.324582180941977 1.032146983274353 1
-0.49581037552612717 9.150821459281058 0
4.973738802796636 3.4045364657719155 1
-2.3444367818162335 9.06517383005434 0
5.669291937183427 2.769871611011474 1
-3.412899483782878 9.338645409919925 0
3.869882770030644 0.6770530196908375 1
-3.417221698573961 7.60198242686303 0
-2.0957627198290494 10.891081940756388 0
-1.556060989139505 9.301410293400146 0
-4.379989544078606 8.662772644157013 0
-2.6367467434302845 10.525441058445669 0
-0.09658220143983431 9.798890416096345 0
-2.665095800989418 8.46599883170772 0
-2.220503993772893 9.274607966969542 0
-2.381093208141961 8.33323447072344 0
6.351919120245994 0.22553317411247042 1
5.0132273959394995 2.2855478944073035 1
-4.375737574413367 10.021799818035245 0
4.4755436303427105 2.185263037014907 1
6.149009849632652 2.578775916572045 1
5.6871965428495495 3.1427596763685055 1
-4.633093347362557 8.488531106517561 0
3.450646371150972 3.027155455123608 1
5.708258169922118 2.57729057352925 1
-2.6944852819304583 8.884465428464896 0
4.632833850747547 1.7575601053727097 1
4.514424576225201 2.3010492081000895 1
5.09048224909064 0.10335334440856792 1
7.1250687529069925 2.2379449949187116 1
4.882760849378377 -0.10892901924825527 1
4.410079205652908 1.1217632496804184 1
6.238416948324443 2.775298142558851 1
4.523112920432855 1.3376118425363286 1
-2.9922586747361897 9.16107914018387 0
-2.7326636054246025 8.664969332080124 0
3.28880447002008 0.6507117271971619 1
-2.1419103096514096 10.852469804993444 0
4.8003684602015815 4.185700723337974 1
4.053951162910346 2.3022764626508616 1
4.187929464316223 1.1838311782210575 1
4.308570453044779 1.3609329494329816 1
6.395354534543591 3.5461894091555886 1
5.408086052859838 2.18856618939702 1
3.104838588695742 0.09315965003296833 1
5.509033428724998 1.5176301579168614 1
-2.6850520274848213 10.675756293926339 0
5.2130066494693015 0.18730319200662082 1
3.290302624676569 1.5579559160354606 1
3.644063441437872 2.6243059257643893 1
-2.9726153158652124 8.548556374628065 0
-1.873779592843524 7.775027733344849 0
4.9707301408436795 3.4241711220720683 1
5.188762671545466 1.718213890387034 1
3.775995875638335 3.252634615598483 1
